   2.4633300e+01	   8.5097105e-01	   9.3472997e-01	
   2.4633300e+01	   1.4776311e+00	   9.3472997e-01	
   2.4633300e+01	   1.4454639e+00	   9.3472997e-01	
   2.4633300e+01	   1.0099153e+00	   9.3472997e-01	
   2.4633300e+01	   1.4865761e+00	   9.3472997e-01	
   2.4633300e+01	   8.6524851e-01	   9.3472997e-01	
   2.4633300e+01	   1.4507964e+00	   9.3472997e-01	
   2.4633300e+01	   1.4392712e+00	   9.3472997e-01	
   2.7000000e+01	   8.7126912e-01	   9.5011503e-01	
   2.7000000e+01	   8.8864290e-01	   9.5011503e-01	
   2.7000000e+01	   9.1461756e-01	   9.5011503e-01	
   2.7000000e+01	   9.0360843e-01	   9.5011503e-01	
   2.7000000e+01	   1.3904182e+00	   9.5011503e-01	
   2.7000000e+01	   1.3599711e+00	   9.5011503e-01	
   2.7000000e+01	   8.4546648e-01	   9.5011503e-01	
   2.5788900e+01	   9.2562668e-01	   9.4221073e-01	
   2.5788900e+01	   8.7987000e-01	   9.4221073e-01	
   2.5788900e+01	   8.7849386e-01	   9.4221073e-01	
   2.7000000e+01	   9.7585582e-01	   9.5011503e-01	
   2.7000000e+01	   8.5905587e-01	   9.5011503e-01	
   2.7000000e+01	   1.5447180e+00	   9.5011503e-01	
   2.7000000e+01	   1.4774591e+00	   9.5011503e-01	
   2.7000000e+01	   1.5024017e+00	   9.5011503e-01	
   2.5322200e+01	   1.5608877e+00	   9.3918237e-01	
   2.5322200e+01	   9.2373449e-01	   9.3918237e-01	
   2.5322200e+01	   1.4939728e+00	   9.3918237e-01	
   2.5322200e+01	   8.4013394e-01	   9.3918237e-01	
   2.5322200e+01	   8.6886088e-01	   9.3918237e-01	
   2.5522200e+01	   9.1220931e-01	   9.4047895e-01	
   2.5522200e+01	   9.1564966e-01	   9.4047895e-01	
   2.6311100e+01	   1.3783770e+00	   9.4561079e-01	
   2.6311100e+01	   8.4271420e-01	   9.4561079e-01	
   2.6311100e+01	   1.0231607e+00	   9.4561079e-01	
   2.6311100e+01	   1.4881242e+00	   9.4561079e-01	
   2.6311100e+01	   8.3480139e-01	   9.4561079e-01	
   2.6311100e+01	   8.6886088e-01	   9.4561079e-01	
   2.7300000e+01	   1.3690880e+00	   9.5208322e-01	
   2.7300000e+01	   1.3721844e+00	   9.5208322e-01	
   2.7300000e+01	   8.3256516e-01	   9.5208322e-01	
   2.7300000e+01	   9.6467468e-01	   9.5208322e-01	
   2.7300000e+01	   1.5022297e+00	   9.5208322e-01	
   2.7300000e+01	   1.3699481e+00	   9.5208322e-01	
   2.5111100e+01	   8.7488149e-01	   9.3781577e-01	
   2.7844400e+01	   8.6077605e-01	   9.5566524e-01	
   2.7844400e+01	   1.4088241e+00	   9.5566524e-01	
   2.7844400e+01	   8.3978990e-01	   9.5566524e-01	
   2.6422200e+01	   8.5217517e-01	   9.4633575e-01	
   2.7844400e+01	   1.4024595e+00	   9.5566524e-01	
   2.6422200e+01	   9.3852800e-01	   9.4633575e-01	
   2.6422200e+01	   9.3525967e-01	   9.4633575e-01	
   2.6422200e+01	   1.3837095e+00	   9.4633575e-01	
   2.5144400e+01	   8.4856280e-01	   9.3803121e-01	
   2.5144400e+01	   8.4598254e-01	   9.3803121e-01	
   2.5144400e+01	   8.6284026e-01	   9.3803121e-01	
   2.5544400e+01	   8.4151008e-01	   9.4062298e-01	
   2.5544400e+01	   1.3821614e+00	   9.4062298e-01	
   2.5544400e+01	   9.8910118e-01	   9.4062298e-01	
   2.5544400e+01	   1.5063581e+00	   9.4062298e-01	
   2.5544400e+01	   8.4804675e-01	   9.4062298e-01	
   2.5544400e+01	   9.1840194e-01	   9.4062298e-01	
   2.5544400e+01	   9.3353949e-01	   9.4062298e-01	
   2.5544400e+01	   8.6748474e-01	   9.4062298e-01	
   2.7811100e+01	   8.9896396e-01	   9.5544575e-01	
   2.7811100e+01	   8.9655571e-01	   9.5544575e-01	
   2.7811100e+01	   8.5544350e-01	   9.5544575e-01	
   2.7811100e+01	   1.3886981e+00	   9.5544575e-01	
   2.7811100e+01	   8.6782877e-01	   9.5544575e-01	
   2.7811100e+01	   9.7826407e-01	   9.5544575e-01	
   2.7811100e+01	   9.6673889e-01	   9.5544575e-01	
   2.7811100e+01	   9.1926203e-01	   9.5544575e-01	
   2.5344400e+01	   9.3181932e-01	   9.3932620e-01	
   2.5344400e+01	   8.7040903e-01	   9.3932620e-01	
   2.5344400e+01	   1.4198332e+00	   9.3932620e-01	
   2.5344400e+01	   8.3858578e-01	   9.3932620e-01	
   2.7888900e+01	   8.8898693e-01	   9.5595864e-01	
   2.7888900e+01	   1.3677119e+00	   9.5595864e-01	
   2.7888900e+01	   1.3876659e+00	   9.5595864e-01	
   2.7888900e+01	   8.6628061e-01	   9.5595864e-01	
   2.6100000e+01	   8.9363141e-01	   9.4423484e-01	
   2.6100000e+01	   9.2562668e-01	   9.4423484e-01	
   2.6100000e+01	   1.3776889e+00	   9.4423484e-01	
   2.6100000e+01	   8.4495043e-01	   9.4423484e-01	
   2.5222200e+01	   9.5142932e-01	   9.3853475e-01	
   2.5222200e+01	   1.5170232e+00	   9.3853475e-01	
   2.5222200e+01	   8.5303526e-01	   9.3853475e-01	
   2.5222200e+01	   1.5285484e+00	   9.3853475e-01	
   2.5222200e+01	   1.4850279e+00	   9.3853475e-01	
   2.5222200e+01	   9.1771387e-01	   9.3853475e-01	
   2.5222200e+01	   1.4783192e+00	   9.3853475e-01	
   2.7733300e+01	   8.4151008e-01	   9.5493314e-01	
   2.7733300e+01	   9.4644081e-01	   9.5493314e-01	
   2.7733300e+01	   1.3637555e+00	   9.5493314e-01	
   2.7733300e+01	   8.4409034e-01	   9.5493314e-01	
   2.7733300e+01	   9.4351651e-01	   9.5493314e-01	
   2.4866700e+01	   9.5521371e-01	   9.3623608e-01	
   2.4866700e+01	   8.7900991e-01	   9.3623608e-01	
   2.4866700e+01	   1.3842256e+00	   9.3623608e-01	
   2.6288900e+01	   8.4047797e-01	   9.4546600e-01	
   2.6288900e+01	   8.6714070e-01	   9.4546600e-01	
   2.6288900e+01	   1.3508542e+00	   9.4546600e-01	
   2.6288900e+01	   1.3370928e+00	   9.4546600e-01	
   2.6288900e+01	   8.6335631e-01	   9.4546600e-01	
   2.6288900e+01	   8.5389535e-01	   9.4546600e-01	
   2.6288900e+01	   8.6800079e-01	   9.4546600e-01	
   2.6288900e+01	   8.6490447e-01	   9.4546600e-01	
   2.6311100e+01	   8.4959491e-01	   9.4561079e-01	
   2.6422200e+01	   8.2052393e-01	   9.4633575e-01	
   2.6422200e+01	   8.4443438e-01	   9.4633575e-01	
   2.6422200e+01	   8.3222113e-01	   9.4633575e-01	
   2.6422200e+01	   8.7505351e-01	   9.4633575e-01	
   2.6422200e+01	   8.1450332e-01	   9.4633575e-01	
   2.6422200e+01	   8.7883790e-01	   9.4633575e-01	
   2.7277800e+01	   9.0515659e-01	   9.5193743e-01	
   2.7277800e+01	   9.4626879e-01	   9.5193743e-01	
   2.7277800e+01	   8.9948001e-01	   9.5193743e-01	
   2.5877800e+01	   8.4615455e-01	   9.4278869e-01	
   2.7277800e+01	   1.3794091e+00	   9.5193743e-01	
   2.5877800e+01	   1.0226446e+00	   9.4278869e-01	
   2.5877800e+01	   9.3319546e-01	   9.4278869e-01	
   2.5877800e+01	   1.0319336e+00	   9.4278869e-01	
   2.5877800e+01	   9.3009914e-01	   9.4278869e-01	
   2.5877800e+01	   9.9512179e-01	   9.4278869e-01	
   2.5877800e+01	   9.7189942e-01	   9.4278869e-01	
   2.5877800e+01	   9.0309238e-01	   9.4278869e-01	
   3.5833300e+01	   9.6811503e-01	   1.0098072e+00	
   3.5266700e+01	   1.5099705e+00	   1.0058682e+00	
   3.5266700e+01	   8.7040903e-01	   1.0058682e+00	
   3.5266700e+01	   1.0357179e+00	   1.0058682e+00	
   3.5266700e+01	   1.4977572e+00	   1.0058682e+00	
   3.5266700e+01	   9.7069529e-01	   1.0058682e+00	
   3.5266700e+01	   9.4936511e-01	   1.0058682e+00	
   3.5266700e+01	   1.3720123e+00	   1.0058682e+00	
   3.5266700e+01	   8.3961788e-01	   1.0058682e+00	
   3.7322200e+01	   1.0635848e+00	   1.0202317e+00	
   3.7322200e+01	   9.1410150e-01	   1.0202317e+00	
   3.7322200e+01	   1.4384111e+00	   1.0202317e+00	
   3.7322200e+01	   1.0395023e+00	   1.0202317e+00	
   3.7322200e+01	   1.5256241e+00	   1.0202317e+00	
   3.7322200e+01	   8.9105115e-01	   1.0202317e+00	
   3.7322200e+01	   1.5380093e+00	   1.0202317e+00	
   3.6022200e+01	   9.4506467e-01	   1.0111239e+00	
   3.6022200e+01	   1.4263699e+00	   1.0111239e+00	
   3.4555600e+01	   8.4409034e-01	   1.0009464e+00	
   3.4555600e+01	   1.0283212e+00	   1.0009464e+00	
   3.4555600e+01	   1.4932847e+00	   1.0009464e+00	
   3.4111100e+01	   9.5590178e-01	   9.9788203e-01	
   3.4111100e+01	   9.2751888e-01	   9.9788203e-01	
   3.4111100e+01	   9.1754186e-01	   9.9788203e-01	
   3.4111100e+01	   1.4535487e+00	   9.9788203e-01	
   3.4111100e+01	   1.0620366e+00	   9.9788203e-01	
   3.4111100e+01	   1.5343970e+00	   9.9788203e-01	
   3.6122200e+01	   8.6696868e-01	   1.0118216e+00	
   3.6122200e+01	   9.6519073e-01	   1.0118216e+00	
   3.6122200e+01	   9.0945703e-01	   1.0118216e+00	
   3.6122200e+01	   8.9225527e-01	   1.0118216e+00	
   3.6122200e+01	   1.4365189e+00	   1.0118216e+00	
   3.6122200e+01	   8.5423938e-01	   1.0118216e+00	
   3.6122200e+01	   1.0278051e+00	   1.0118216e+00	
   3.6122200e+01	   1.0785503e+00	   1.0118216e+00	
   3.6122200e+01	   1.5058420e+00	   1.0118216e+00	
   3.5066700e+01	   1.4175970e+00	   1.0044815e+00	
   3.6122200e+01	   8.4426236e-01	   1.0118216e+00	
   3.6122200e+01	   9.1857396e-01	   1.0118216e+00	
   3.6122200e+01	   9.4386055e-01	   1.0118216e+00	
   3.6122200e+01	   9.6931915e-01	   1.0118216e+00	
   3.6122200e+01	   1.4473561e+00	   1.0118216e+00	
   3.6122200e+01	   8.5423938e-01	   1.0118216e+00	
   3.6122200e+01	   1.0524037e+00	   1.0118216e+00	
   3.6122200e+01	   1.5027457e+00	   1.0118216e+00	
   3.3511100e+01	   1.4318745e+00	   9.9376056e-01	
   3.8433300e+01	   9.4919309e-01	   1.0280811e+00	
   3.8433300e+01	   9.0498457e-01	   1.0280811e+00	
   3.8433300e+01	   1.4196612e+00	   1.0280811e+00	
   3.8433300e+01	   1.5464382e+00	   1.0280811e+00	
   3.5744400e+01	   1.0899035e+00	   1.0091882e+00	
   3.5744400e+01	   9.4953713e-01	   1.0091882e+00	
   3.5744400e+01	   8.7591360e-01	   1.0091882e+00	
   3.5744400e+01	   8.7522553e-01	   1.0091882e+00	
   3.3900000e+01	   9.8686495e-01	   9.9643001e-01	
   3.4777800e+01	   9.8738100e-01	   1.0024817e+00	
   3.4777800e+01	   8.9105115e-01	   1.0024817e+00	
   3.4777800e+01	   1.4432276e+00	   1.0024817e+00	
   3.4777800e+01	   1.4067599e+00	   1.0024817e+00	
   3.4777800e+01	   8.5028298e-01	   1.0024817e+00	
   3.4777800e+01	   8.7952597e-01	   1.0024817e+00	
   3.4777800e+01	   8.7987000e-01	   1.0024817e+00	
   3.4777800e+01	   8.7298930e-01	   1.0024817e+00	
   3.8288900e+01	   8.6456044e-01	   1.0270576e+00	
   3.8288900e+01	   1.4504524e+00	   1.0270576e+00	
   3.8288900e+01	   9.3061519e-01	   1.0270576e+00	
   3.8288900e+01	   9.6106231e-01	   1.0270576e+00	
   3.8288900e+01	   9.2855098e-01	   1.0270576e+00	
   3.5811100e+01	   9.0739282e-01	   1.0096526e+00	
   3.5811100e+01	   1.4175970e+00	   1.0096526e+00	
   3.5811100e+01	   9.1392949e-01	   1.0096526e+00	
   3.7244400e+01	   9.6295450e-01	   1.0196844e+00	
   3.7244400e+01	   9.6329854e-01	   1.0196844e+00	
   3.7244400e+01	   9.0068413e-01	   1.0196844e+00	
   3.7244400e+01	   1.4015994e+00	   1.0196844e+00	
   3.6822200e+01	   9.9873416e-01	   1.0167190e+00	
   3.6822200e+01	   1.5460942e+00	   1.0167190e+00	
   3.6822200e+01	   8.9621167e-01	   1.0167190e+00	
   3.6822200e+01	   1.0245368e+00	   1.0167190e+00	
   3.6822200e+01	   1.5589955e+00	   1.0167190e+00	
   3.5911100e+01	   9.0653273e-01	   1.0103493e+00	
   3.5911100e+01	   1.4778032e+00	   1.0103493e+00	
   3.5244400e+01	   8.8812685e-01	   1.0057135e+00	
   3.5244400e+01	   1.4681702e+00	   1.0057135e+00	
   3.5244400e+01	   1.4071039e+00	   1.0057135e+00	
   3.5244400e+01	   9.1650975e-01	   1.0057135e+00	
   3.5244400e+01	   8.7058105e-01	   1.0057135e+00	
   3.5244400e+01	   8.6714070e-01	   1.0057135e+00	
   3.5244400e+01	   8.7126912e-01	   1.0057135e+00	
   3.7255600e+01	   8.6026000e-01	   1.0197631e+00	
   3.7255600e+01	   8.9896396e-01	   1.0197631e+00	
   3.7255600e+01	   9.4798897e-01	   1.0197631e+00	
   3.7255600e+01	   9.6398661e-01	   1.0197631e+00	
   3.7255600e+01	   1.4081360e+00	   1.0197631e+00	
   3.7255600e+01	   8.7505351e-01	   1.0197631e+00	
   3.7255600e+01	   1.4635257e+00	   1.0197631e+00	
   3.7255600e+01	   1.0221286e+00	   1.0197631e+00	
   3.5366700e+01	   1.3826774e+00	   1.0065623e+00	
   3.4844400e+01	   8.8055807e-01	   1.0029424e+00	
   3.4844400e+01	   9.3405554e-01	   1.0029424e+00	
   3.7344400e+01	   1.4241337e+00	   1.0203880e+00	
   3.7344400e+01	   1.4089961e+00	   1.0203880e+00	
   3.7344400e+01	   8.4873482e-01	   1.0203880e+00	
   3.7344400e+01	   9.1289738e-01	   1.0203880e+00	
   3.7344400e+01	   8.5699166e-01	   1.0203880e+00	
   3.7344400e+01	   9.4110827e-01	   1.0203880e+00	
   3.7344400e+01	   1.4581932e+00	   1.0203880e+00	
   3.7344400e+01	   8.9070711e-01	   1.0203880e+00	
   3.7644400e+01	   8.4357429e-01	   1.0225017e+00	
   3.7644400e+01	   8.6438842e-01	   1.0225017e+00	
   3.7266700e+01	   9.0223229e-01	   1.0198412e+00	
   3.7266700e+01	   8.6920491e-01	   1.0198412e+00	
   3.7266700e+01	   9.2700282e-01	   1.0198412e+00	
   3.7266700e+01	   8.6215219e-01	   1.0198412e+00	
   3.7266700e+01	   8.6060403e-01	   1.0198412e+00	
   3.7266700e+01	   8.7109710e-01	   1.0198412e+00	
   3.9011100e+01	   8.9466352e-01	   1.0321869e+00	
   3.9011100e+01	   8.9087913e-01	   1.0321869e+00	
   3.9011100e+01	   1.4322185e+00	   1.0321869e+00	
   3.9011100e+01	   8.9294334e-01	   1.0321869e+00	
   3.6122200e+01	   8.6989298e-01	   1.0118216e+00	
   3.6122200e+01	   9.1650975e-01	   1.0118216e+00	
   3.6122200e+01	   1.3816453e+00	   1.0118216e+00	
   4.3822200e+01	   9.6656687e-01	   1.0670165e+00	
   4.3822200e+01	   1.4329066e+00	   1.0670165e+00	
   4.3822200e+01	   9.5280546e-01	   1.0670165e+00	
   4.3822200e+01	   1.5388694e+00	   1.0670165e+00	
   4.3822200e+01	   1.7150154e+00	   1.0670165e+00	
   4.3822200e+01	   1.0883553e+00	   1.0670165e+00	
   4.3822200e+01	   1.6118049e+00	   1.0670165e+00	
   4.7055600e+01	   8.7298930e-01	   1.0910824e+00	
   4.7055600e+01	   9.6261047e-01	   1.0910824e+00	
   4.7055600e+01	   1.0269450e+00	   1.0910824e+00	
   4.7055600e+01	   1.4261979e+00	   1.0910824e+00	
   4.7055600e+01	   9.2665879e-01	   1.0910824e+00	
   4.4588900e+01	   9.8875714e-01	   1.0726745e+00	
   4.4588900e+01	   1.5847981e+00	   1.0726745e+00	
   4.4588900e+01	   8.9552360e-01	   1.0726745e+00	
   4.4900000e+01	   1.5471263e+00	   1.0749789e+00	
   4.4333300e+01	   9.3250739e-01	   1.0707850e+00	
   4.4333300e+01	   9.7413564e-01	   1.0707850e+00	
   4.4333300e+01	   8.9879194e-01	   1.0707850e+00	
   4.4333300e+01	   9.2270238e-01	   1.0707850e+00	
   4.4333300e+01	   1.4261979e+00	   1.0707850e+00	
   4.3477800e+01	   8.9019106e-01	   1.0644847e+00	
   4.3477800e+01	   9.5005318e-01	   1.0644847e+00	
   4.3477800e+01	   1.6044081e+00	   1.0644847e+00	
   4.3477800e+01	   9.6467468e-01	   1.0644847e+00	
   4.3477800e+01	   1.4697183e+00	   1.0644847e+00	
   4.5088900e+01	   9.4678485e-01	   1.0763806e+00	
   4.5088900e+01	   9.7189942e-01	   1.0763806e+00	
   4.5088900e+01	   9.4059221e-01	   1.0763806e+00	
   4.5088900e+01	   9.4988116e-01	   1.0763806e+00	
   4.5088900e+01	   9.4558072e-01	   1.0763806e+00	
   4.5088900e+01	   1.4198332e+00	   1.0763806e+00	
   4.6077800e+01	   9.0722080e-01	   1.0837481e+00	
   4.6077800e+01	   9.0120018e-01	   1.0837481e+00	
   4.6077800e+01	   9.0188825e-01	   1.0837481e+00	
   4.6077800e+01	   8.9724378e-01	   1.0837481e+00	
   4.6077800e+01	   1.3986751e+00	   1.0837481e+00	
   4.6077800e+01	   1.3914503e+00	   1.0837481e+00	
   4.6077800e+01	   8.5819578e-01	   1.0837481e+00	
   4.6433300e+01	   1.0610045e+00	   1.0864089e+00	
   4.6433300e+01	   1.5027457e+00	   1.0864089e+00	
   4.6433300e+01	   8.5613157e-01	   1.0864089e+00	
   4.6433300e+01	   9.9512179e-01	   1.0864089e+00	
   4.6433300e+01	   1.5486744e+00	   1.0864089e+00	
   4.2577800e+01	   8.6456044e-01	   1.0578966e+00	
   4.2400000e+01	   1.5386974e+00	   1.0566000e+00	
   4.6288900e+01	   9.4454862e-01	   1.0853273e+00	
   4.6288900e+01	   1.0432867e+00	   1.0853273e+00	
   4.6288900e+01	   9.5366555e-01	   1.0853273e+00	
   4.6288900e+01	   1.0723577e+00	   1.0853273e+00	
   4.6288900e+01	   1.5720688e+00	   1.0853273e+00	
   4.6288900e+01	   9.2562668e-01	   1.0853273e+00	
   4.5644400e+01	   9.9856214e-01	   1.0805130e+00	
   4.6288900e+01	   1.6002797e+00	   1.0853273e+00	
   4.5644400e+01	   1.4122645e+00	   1.0805130e+00	
   4.5644400e+01	   1.4236176e+00	   1.0805130e+00	
   4.5644400e+01	   1.4127805e+00	   1.0805130e+00	
   4.1944400e+01	   8.5217517e-01	   1.0532846e+00	
   4.1944400e+01	   1.0221286e+00	   1.0532846e+00	
   4.3733300e+01	   9.5762196e-01	   1.0663624e+00	
   4.3733300e+01	   1.4636977e+00	   1.0663624e+00	
   4.3733300e+01	   9.0171624e-01	   1.0663624e+00	
   4.3733300e+01	   1.0283212e+00	   1.0663624e+00	
   4.3733300e+01	   9.9804609e-01	   1.0663624e+00	
   4.7522200e+01	   1.4007393e+00	   1.0945998e+00	
   4.7522200e+01	   8.8984702e-01	   1.0945998e+00	
   4.7522200e+01	   9.0704878e-01	   1.0945998e+00	
   4.7522200e+01	   9.4523669e-01	   1.0945998e+00	
   4.7522200e+01	   9.8686495e-01	   1.0945998e+00	
   4.4922200e+01	   1.4473561e+00	   1.0751436e+00	
   4.4922200e+01	   9.0446852e-01	   1.0751436e+00	
   4.4922200e+01	   1.4327346e+00	   1.0751436e+00	
   4.1988900e+01	   1.5235598e+00	   1.0536080e+00	
   4.7288900e+01	   9.2820695e-01	   1.0928397e+00	
   4.7288900e+01	   9.0842492e-01	   1.0928397e+00	
   4.7288900e+01	   1.0209244e+00	   1.0928397e+00	
   4.7288900e+01	   9.3491563e-01	   1.0928397e+00	
   4.7288900e+01	   1.4158768e+00	   1.0928397e+00	
   4.7288900e+01	   9.1324142e-01	   1.0928397e+00	
   4.6411100e+01	   9.9959425e-01	   1.0862426e+00	
   4.6411100e+01	   1.5564152e+00	   1.0862426e+00	
   4.6411100e+01	   9.4953713e-01	   1.0862426e+00	
   4.6411100e+01	   1.5225277e+00	   1.0862426e+00	
   4.4955600e+01	   9.5022520e-01	   1.0753913e+00	
   4.3100000e+01	   1.0007984e+00	   1.0617142e+00	
   4.3100000e+01	   1.5586514e+00	   1.0617142e+00	
   4.3100000e+01	   8.8589062e-01	   1.0617142e+00	
   4.3100000e+01	   1.0659930e+00	   1.0617142e+00	
   4.3100000e+01	   1.5629519e+00	   1.0617142e+00	
   4.3100000e+01	   9.1530563e-01	   1.0617142e+00	
   4.6444400e+01	   9.4472064e-01	   1.0864921e+00	
   4.6444400e+01	   8.8864290e-01	   1.0864921e+00	
   4.6444400e+01	   9.7138336e-01	   1.0864921e+00	
   4.6444400e+01	   1.5459221e+00	   1.0864921e+00	
   4.5055600e+01	   1.4126085e+00	   1.0761333e+00	
   4.5055600e+01	   1.4790073e+00	   1.0761333e+00	
   4.5055600e+01	   8.8864290e-01	   1.0761333e+00	
   4.3933300e+01	   9.7809205e-01	   1.0678345e+00	
   4.3933300e+01	   9.9787407e-01	   1.0678345e+00	
   4.7244400e+01	   1.0214405e+00	   1.0925043e+00	
   4.7244400e+01	   8.7144114e-01	   1.0925043e+00	
   4.7244400e+01	   1.4232736e+00	   1.0925043e+00	
   4.7244400e+01	   1.0733898e+00	   1.0925043e+00	
   4.7244400e+01	   1.5278603e+00	   1.0925043e+00	
   4.7244400e+01	   8.9208325e-01	   1.0925043e+00	
   4.7244400e+01	   8.8847088e-01	   1.0925043e+00	
   4.7444400e+01	   1.4812435e+00	   1.0940126e+00	
   4.7444400e+01	   9.1255335e-01	   1.0940126e+00	
   4.6688900e+01	   1.0047548e+00	   1.0883261e+00	
   4.6688900e+01	   1.5746491e+00	   1.0883261e+00	
   4.6688900e+01	   9.2941107e-01	   1.0883261e+00	
   4.6688900e+01	   9.7688793e-01	   1.0883261e+00	
   4.6688900e+01	   1.5675963e+00	   1.0883261e+00	
   4.8055600e+01	   1.4683422e+00	   1.0986347e+00	
   4.5133300e+01	   9.1960607e-01	   1.0767103e+00	
   4.5133300e+01	   9.0550062e-01	   1.0767103e+00	
   4.5133300e+01	   8.9294334e-01	   1.0767103e+00	
   6.3000000e+01	   9.3887204e-01	   1.2179315e+00	
   6.3000000e+01	   1.0814746e+00	   1.2179315e+00	
   6.3000000e+01	   1.6881807e+00	   1.2179315e+00	
   5.8311100e+01	   1.0592844e+00	   1.1791692e+00	
   5.8311100e+01	   1.4858880e+00	   1.1791692e+00	
   5.8311100e+01	   1.0560160e+00	   1.1791692e+00	
   7.6888900e+01	   9.5469766e-01	   1.3403876e+00	
   7.6888900e+01	   1.2141002e+00	   1.3403876e+00	
   6.0355600e+01	   1.1206946e+00	   1.1959167e+00	
   6.0355600e+01	   1.0587683e+00	   1.1959167e+00	
   6.0355600e+01	   1.5670803e+00	   1.1959167e+00	
   6.0355600e+01	   1.0914516e+00	   1.1959167e+00	
   6.0355600e+01	   1.4960370e+00	   1.1959167e+00	
   6.0355600e+01	   1.0109474e+00	   1.1959167e+00	
   7.1522200e+01	   1.0295253e+00	   1.2916747e+00	
   7.1522200e+01	   1.0028626e+00	   1.2916747e+00	
   7.1522200e+01	   1.4597413e+00	   1.2916747e+00	
   7.1522200e+01	   1.4258539e+00	   1.2916747e+00	
   7.1522200e+01	   9.1582168e-01	   1.2916747e+00	
   7.1522200e+01	   1.4726426e+00	   1.2916747e+00	
   6.8944400e+01	   1.6783757e+00	   1.2689098e+00	
   6.8944400e+01	   1.6240181e+00	   1.2689098e+00	
   6.8944400e+01	   1.2400748e+00	   1.2689098e+00	
   6.8944400e+01	   1.2013709e+00	   1.2689098e+00	
   6.8944400e+01	   1.1427129e+00	   1.2689098e+00	
   6.8944400e+01	   1.5620918e+00	   1.2689098e+00	
   6.0422200e+01	   8.8881492e-01	   1.1964662e+00	
   6.0422200e+01	   1.0881833e+00	   1.1964662e+00	
   6.0422200e+01	   1.0085392e+00	   1.1964662e+00	
   6.0422200e+01	   1.5173672e+00	   1.1964662e+00	
   6.0422200e+01	   1.4618055e+00	   1.1964662e+00	
   6.0422200e+01	   9.4420458e-01	   1.1964662e+00	
   6.0422200e+01	   1.5030898e+00	   1.1964662e+00	
   5.5111100e+01	   9.7189942e-01	   1.1534261e+00	
   5.5111100e+01	   9.6656687e-01	   1.1534261e+00	
   6.5500000e+01	   1.0016585e+00	   1.2391167e+00	
   6.5500000e+01	   1.1667954e+00	   1.2391167e+00	
   6.0200000e+01	   9.8858512e-01	   1.1946338e+00	
   6.0200000e+01	   1.0047548e+00	   1.1946338e+00	
   6.0200000e+01	   9.9099337e-01	   1.1946338e+00	
   6.0200000e+01	   9.7189942e-01	   1.1946338e+00	
   6.0200000e+01	   1.5402456e+00	   1.1946338e+00	
   6.0200000e+01	   9.3439958e-01	   1.1946338e+00	
   6.6833300e+01	   1.0054428e+00	   1.2505655e+00	
   6.6833300e+01	   1.4728147e+00	   1.2505655e+00	
   6.6833300e+01	   1.5806697e+00	   1.2505655e+00	
   6.6833300e+01	   9.5125730e-01	   1.2505655e+00	
   6.6833300e+01	   1.1258552e+00	   1.2505655e+00	
   6.6833300e+01	   1.6276305e+00	   1.2505655e+00	
   5.8388900e+01	   9.7654389e-01	   1.1798022e+00	
   5.8388900e+01	   9.1048913e-01	   1.1798022e+00	
   5.8388900e+01	   1.4587092e+00	   1.1798022e+00	
   5.8388900e+01	   1.4834797e+00	   1.1798022e+00	
   5.7533300e+01	   9.1616571e-01	   1.1728596e+00	
   5.8388900e+01	   1.5560712e+00	   1.1798022e+00	
   6.1033300e+01	   1.4633537e+00	   1.2015204e+00	
   6.1033300e+01	   1.1848572e+00	   1.2015204e+00	
   6.1033300e+01	   1.1057291e+00	   1.2015204e+00	
   5.6911100e+01	   1.1525179e+00	   1.1678366e+00	
   5.6911100e+01	   1.5670803e+00	   1.1678366e+00	
   5.6911100e+01	   1.0639288e+00	   1.1678366e+00	
   7.3011100e+01	   9.6931915e-01	   1.3050091e+00	
   7.3011100e+01	   1.5003375e+00	   1.3050091e+00	
   5.9622200e+01	   1.4552689e+00	   1.1898819e+00	
   5.9622200e+01	   1.5572753e+00	   1.1898819e+00	
   5.9622200e+01	   1.4846839e+00	   1.1898819e+00	
   5.9622200e+01	   9.3560370e-01	   1.1898819e+00	
   5.9622200e+01	   1.5703486e+00	   1.1898819e+00	
   5.7866700e+01	   9.3766791e-01	   1.1755601e+00	
   5.7866700e+01	   1.5073902e+00	   1.1755601e+00	
   5.7866700e+01	   1.5039498e+00	   1.1755601e+00	
   5.7866700e+01	   9.3095923e-01	   1.1755601e+00	
   5.7866700e+01	   1.5202915e+00	   1.1755601e+00	
   5.7866700e+01	   1.7040063e+00	   1.1755601e+00	
   5.7866700e+01	   1.1480454e+00	   1.1755601e+00	
   1.0505600e+02	   1.6061283e+00	   1.6278401e+00	
   5.8355600e+01	   1.5285484e+00	   1.1795312e+00	
   5.8355600e+01	   1.6130090e+00	   1.1795312e+00	
   5.8355600e+01	   1.4084801e+00	   1.1795312e+00	
   5.8355600e+01	   9.4747292e-01	   1.1795312e+00	
   5.8355600e+01	   1.3028613e+00	   1.1795312e+00	
   5.6277800e+01	   1.5872064e+00	   1.1627461e+00	
   5.6277800e+01	   1.4888123e+00	   1.1627461e+00	
   5.6277800e+01	   1.4669661e+00	   1.1627461e+00	
   5.6277800e+01	   1.0751100e+00	   1.1627461e+00	
   7.8533300e+01	   1.1029768e+00	   1.3556782e+00	
   7.8533300e+01	   1.5297525e+00	   1.3556782e+00	
   7.8533300e+01	   1.4812435e+00	   1.3556782e+00	
   7.8533300e+01	   9.6261047e-01	   1.3556782e+00	
   7.8533300e+01	   1.4585372e+00	   1.3556782e+00	
   7.8533300e+01	   9.2665879e-01	   1.3556782e+00	
   7.9466700e+01	   9.2167028e-01	   1.3644349e+00	
   7.9466700e+01	   9.2597072e-01	   1.3644349e+00	
   6.5500000e+01	   1.4824476e+00	   1.2391167e+00	
   6.5500000e+01	   1.5115186e+00	   1.2391167e+00	
   7.3211100e+01	   1.0620366e+00	   1.3068107e+00	
   7.3211100e+01	   9.6243845e-01	   1.3068107e+00	
   7.3211100e+01	   1.5572753e+00	   1.3068107e+00	
   7.3211100e+01	   1.4593973e+00	   1.3068107e+00	
   7.3211100e+01	   1.1428849e+00	   1.3068107e+00	
   6.8488900e+01	   1.5247640e+00	   1.2649291e+00	
   6.8488900e+01	   1.0840549e+00	   1.2649291e+00	
   6.8955600e+01	   1.1993067e+00	   1.2690078e+00	
   6.8955600e+01	   1.7423662e+00	   1.2690078e+00	
   6.8955600e+01	   1.0321056e+00	   1.2690078e+00	
   6.8955600e+01	   1.5426538e+00	   1.2690078e+00	
   8.2655600e+01	   1.0596284e+00	   1.3947808e+00	
   8.2655600e+01	   1.0761421e+00	   1.3947808e+00	
   8.2655600e+01	   1.0138717e+00	   1.3947808e+00	
   8.2655600e+01	   1.0785503e+00	   1.3947808e+00	
   7.9933300e+01	   1.2051553e+00	   1.3688336e+00	
   7.9933300e+01	   1.0976443e+00	   1.3688336e+00	
   7.9933300e+01	   1.1853733e+00	   1.3688336e+00	
   7.9933300e+01	   1.5847981e+00	   1.3688336e+00	
   7.9933300e+01	   1.0644449e+00	   1.3688336e+00	
   7.9933300e+01	   1.5233878e+00	   1.3688336e+00	
   7.0888900e+01	   1.6618620e+00	   1.2860444e+00	
   7.0888900e+01	   1.1206946e+00	   1.2860444e+00	
   7.0888900e+01	   1.1485615e+00	   1.2860444e+00	
   7.0888900e+01	   1.0837109e+00	   1.2860444e+00	
   7.0888900e+01	   1.0532637e+00	   1.2860444e+00	
   7.0888900e+01	   9.8204845e-01	   1.2860444e+00	
   7.0888900e+01	   1.0104314e+00	   1.2860444e+00	
   7.0888900e+01	   1.0575642e+00	   1.2860444e+00	
   6.4800000e+01	   1.0859471e+00	   1.2331480e+00	
   6.4800000e+01	   1.0539518e+00	   1.2331480e+00	
   6.4800000e+01	   1.7470107e+00	   1.2331480e+00	
   7.6633300e+01	   1.4470120e+00	   1.3380264e+00	
   7.0055600e+01	   9.5177336e-01	   1.2786733e+00	
   7.0055600e+01	   1.0696054e+00	   1.2786733e+00	
   7.0055600e+01	   1.1337680e+00	   1.2786733e+00	
   7.0055600e+01	   1.1007406e+00	   1.2786733e+00	
   7.0055600e+01	   1.5264841e+00	   1.2786733e+00	
   7.8522200e+01	   1.5675963e+00	   1.3555744e+00	
   7.8522200e+01	   1.0971282e+00	   1.3555744e+00	
   7.8522200e+01	   1.5572753e+00	   1.3555744e+00	
   7.8522200e+01	   1.0611765e+00	   1.3555744e+00	
   7.8522200e+01	   1.0854310e+00	   1.3555744e+00	
   7.8522200e+01	   1.0300414e+00	   1.3555744e+00	
   1.2210000e+02	   1.6059563e+00	   1.8309275e+00	
   1.2210000e+02	   1.0511995e+00	   1.8309275e+00	
   6.8388900e+01	   1.1774604e+00	   1.2640569e+00	
   6.8388900e+01	   1.7160475e+00	   1.2640569e+00	
   6.8388900e+01	   1.1182864e+00	   1.2640569e+00	
   6.8388900e+01	   9.4317248e-01	   1.2640569e+00	
   6.8388900e+01	   1.5144429e+00	   1.2640569e+00	
   6.8388900e+01	   1.2694899e+00	   1.2640569e+00	
   6.8388900e+01	   1.1716118e+00	   1.2640569e+00	
   6.6844400e+01	   1.5092824e+00	   1.2506612e+00	
   7.1533300e+01	   1.1561303e+00	   1.2917736e+00	
   7.1533300e+01	   9.8978925e-01	   1.2917736e+00	
   6.6400000e+01	   1.5601996e+00	   1.2468333e+00	
   6.6400000e+01	   1.4729867e+00	   1.2468333e+00	
   6.6400000e+01	   1.1387565e+00	   1.2468333e+00	
   6.6400000e+01	   1.5168512e+00	   1.2468333e+00	
   6.9900000e+01	   1.1392725e+00	   1.2773017e+00	
   6.9900000e+01	   1.6192016e+00	   1.2773017e+00	
   6.9900000e+01	   1.0960961e+00	   1.2773017e+00	
   6.9900000e+01	   1.0395023e+00	   1.2773017e+00	
   6.9900000e+01	   1.5371492e+00	   1.2773017e+00	
   6.9900000e+01	   1.0862911e+00	   1.2773017e+00	
   6.6733300e+01	   1.0436308e+00	   1.2497031e+00	
   6.6733300e+01	   9.6983520e-01	   1.2497031e+00	
   6.6733300e+01	   1.2287217e+00	   1.2497031e+00	
   6.6733300e+01	   1.9233287e+00	   1.2497031e+00	
   6.6733300e+01	   1.0623807e+00	   1.2497031e+00	
   6.6733300e+01	   9.8342459e-01	   1.2497031e+00	
   6.6988900e+01	   1.0510275e+00	   1.2519085e+00	
   6.6988900e+01	   1.1260272e+00	   1.2519085e+00	
   6.5555600e+01	   1.5887545e+00	   1.2395920e+00	
   6.5555600e+01	   1.0696054e+00	   1.2395920e+00	
   6.5555600e+01	   1.0599724e+00	   1.2395920e+00	
   6.5555600e+01	   1.5725849e+00	   1.2395920e+00	
   6.5555600e+01	   1.0604885e+00	   1.2395920e+00	
   9.0577800e+01	   1.5614037e+00	   1.4731223e+00	
   9.0577800e+01	   1.4989613e+00	   1.4731223e+00	
   9.0577800e+01	   1.0136997e+00	   1.4731223e+00	
   9.0577800e+01	   1.4953490e+00	   1.4731223e+00	
   6.7244400e+01	   1.2085956e+00	   1.2541168e+00	
   9.0577800e+01	   1.6723551e+00	   1.4731223e+00	
   9.2611100e+01	   9.8927319e-01	   1.4939293e+00	
   9.2611100e+01	   1.0393303e+00	   1.4939293e+00	
   9.2611100e+01	   1.1423689e+00	   1.4939293e+00	
   7.6666700e+01	   1.5825619e+00	   1.3383348e+00	
   8.3433300e+01	   1.0223006e+00	   1.4022832e+00	
   8.3433300e+01	   1.2111759e+00	   1.4022832e+00	
   8.3433300e+01	   1.7286048e+00	   1.4022832e+00	
   8.3433300e+01	   1.0635848e+00	   1.4022832e+00	
   8.6311100e+01	   1.1967264e+00	   1.4303980e+00	
   8.6311100e+01	   1.1516578e+00	   1.4303980e+00	
   8.3988900e+01	   1.0854310e+00	   1.4076678e+00	
   8.6944400e+01	   1.7681689e+00	   1.4366603e+00	
   8.6944400e+01	   1.1721279e+00	   1.4366603e+00	
   8.6944400e+01	   1.1060731e+00	   1.4366603e+00	
   8.6944400e+01	   1.6432841e+00	   1.4366603e+00	
   8.6944400e+01	   1.0159359e+00	   1.4366603e+00	
   8.4100000e+01	   1.1215547e+00	   1.4087470e+00	
   8.4100000e+01	   1.6763115e+00	   1.4087470e+00	
   8.4100000e+01	   1.1721279e+00	   1.4087470e+00	
   9.3300000e+01	   1.2402469e+00	   1.5010454e+00	
   8.4100000e+01	   1.8108292e+00	   1.4087470e+00	
   8.4400000e+01	   1.1664513e+00	   1.4116652e+00	
   8.4400000e+01	   1.7497630e+00	   1.4116652e+00	
   8.4400000e+01	   1.1342840e+00	   1.4116652e+00	
   8.2211100e+01	   1.0522316e+00	   1.3905107e+00	
   8.6488900e+01	   1.6250502e+00	   1.4321533e+00	
   8.6488900e+01	   1.0167960e+00	   1.4321533e+00	
   8.3366700e+01	   1.0527477e+00	   1.4016392e+00	
   8.3366700e+01	   1.5696606e+00	   1.4016392e+00	
   8.3366700e+01	   1.0575642e+00	   1.4016392e+00	
   8.3366700e+01	   1.5450620e+00	   1.4016392e+00	
   9.0255600e+01	   1.0647889e+00	   1.4698519e+00	
   9.0255600e+01	   1.0995365e+00	   1.4698519e+00	
   9.0255600e+01	   1.1071052e+00	   1.4698519e+00	
   9.0255600e+01	   1.6689147e+00	   1.4698519e+00	
   9.0255600e+01	   1.0885273e+00	   1.4698519e+00	
   9.0255600e+01	   1.0216125e+00	   1.4698519e+00	
   8.4188900e+01	   1.5395575e+00	   1.4096111e+00	
   8.4188900e+01	   1.6161053e+00	   1.4096111e+00	
   8.4188900e+01	   1.1122658e+00	   1.4096111e+00	
   8.4277800e+01	   1.2510840e+00	   1.4104758e+00	
   8.4277800e+01	   1.7108870e+00	   1.4104758e+00	
   8.3666700e+01	   1.0986764e+00	   1.4045427e+00	
   8.3666700e+01	   1.0577362e+00	   1.4045427e+00	
   8.3666700e+01	   1.1504537e+00	   1.4045427e+00	
   8.3666700e+01	   1.7444304e+00	   1.4045427e+00	
   8.3666700e+01	   1.1430569e+00	   1.4045427e+00	
   8.7622200e+01	   1.0257409e+00	   1.4433930e+00	
   8.7622200e+01	   1.2433432e+00	   1.4433930e+00	
   8.7622200e+01	   1.2490198e+00	   1.4433930e+00	
   8.7622200e+01	   1.2701779e+00	   1.4433930e+00	
   8.7622200e+01	   1.1399606e+00	   1.4433930e+00	
   8.3211100e+01	   1.3118062e+00	   1.4001355e+00	
   8.3211100e+01	   1.2505679e+00	   1.4001355e+00	
   8.7433300e+01	   1.1050410e+00	   1.4415135e+00	
   8.7433300e+01	   1.6178255e+00	   1.4415135e+00	
   8.5255600e+01	   1.5271722e+00	   1.4200214e+00	
   8.5255600e+01	   1.5366332e+00	   1.4200214e+00	
   8.5255600e+01	   1.4967251e+00	   1.4200214e+00	
   8.5255600e+01	   1.5682844e+00	   1.4200214e+00	
   8.5255600e+01	   1.6718390e+00	   1.4200214e+00	
   8.0200000e+01	   1.1052131e+00	   1.3713541e+00	
   8.0200000e+01	   1.0023465e+00	   1.3713541e+00	
   8.2011100e+01	   1.1492496e+00	   1.3885937e+00	
   8.2011100e+01	   1.1590546e+00	   1.3885937e+00	
   8.2011100e+01	   1.5904747e+00	   1.3885937e+00	
   8.1022200e+01	   1.1317038e+00	   1.3791538e+00	
   8.1022200e+01	   1.6093966e+00	   1.3791538e+00	
   8.1022200e+01	   1.5459221e+00	   1.3791538e+00	
   8.1022200e+01	   1.5822178e+00	   1.3791538e+00	
   8.1022200e+01	   1.0468991e+00	   1.3791538e+00	
   8.6844400e+01	   1.0185162e+00	   1.4356696e+00	
   8.7144400e+01	   1.1700637e+00	   1.4386436e+00	
   8.7144400e+01	   9.3956011e-01	   1.4386436e+00	
   8.7144400e+01	   1.2242492e+00	   1.4386436e+00	
   8.7144400e+01	   1.2534922e+00	   1.4386436e+00	
   8.7144400e+01	   1.2013709e+00	   1.4386436e+00	
   8.2944400e+01	   1.2097998e+00	   1.3975621e+00	
   8.2944400e+01	   1.6979857e+00	   1.3975621e+00	
   8.2944400e+01	   1.2612330e+00	   1.3975621e+00	
   9.0833300e+01	   1.2399028e+00	   1.4757209e+00	
   9.0833300e+01	   1.6400158e+00	   1.4757209e+00	
   9.2400000e+01	   1.0460390e+00	   1.4917555e+00	
   9.2400000e+01	   1.7370337e+00	   1.4917555e+00	
   9.2400000e+01	   1.2060154e+00	   1.4917555e+00	
   9.5222200e+01	   1.1772884e+00	   1.5210806e+00	
   9.5222200e+01	   1.1664513e+00	   1.5210806e+00	
   9.5222200e+01	   1.1327359e+00	   1.5210806e+00	
   9.5211100e+01	   1.0210964e+00	   1.5209641e+00	
   9.5211100e+01	   1.3309001e+00	   1.5209641e+00	
   9.5211100e+01	   1.2407629e+00	   1.5209641e+00	
   9.5211100e+01	   1.2442033e+00	   1.5209641e+00	
   9.5211100e+01	   1.8581341e+00	   1.5209641e+00	
   9.1800000e+01	   1.0790664e+00	   1.4855942e+00	
   9.1800000e+01	   1.0807866e+00	   1.4855942e+00	
   9.1800000e+01	   1.3575629e+00	   1.4855942e+00	
   9.1800000e+01	   1.7924233e+00	   1.4855942e+00	
   9.1800000e+01	   1.0998805e+00	   1.4855942e+00	
   1.0330000e+02	   1.1299836e+00	   1.6082413e+00	
   9.2333300e+01	   1.1910498e+00	   1.4910693e+00	
   9.2333300e+01	   1.7726413e+00	   1.4910693e+00	
   9.2333300e+01	   1.0905916e+00	   1.4910693e+00	
   9.2333300e+01	   1.1982746e+00	   1.4910693e+00	
   8.9900000e+01	   1.7033182e+00	   1.4662509e+00	
   9.5255600e+01	   1.0658210e+00	   1.5214311e+00	
   9.5255600e+01	   1.1317038e+00	   1.5214311e+00	
   9.5255600e+01	   1.6974696e+00	   1.5214311e+00	
   9.1788900e+01	   1.5276883e+00	   1.4854805e+00	
   9.1788900e+01	   1.6030320e+00	   1.4854805e+00	
   9.1788900e+01	   1.6673666e+00	   1.4854805e+00	
   9.1788900e+01	   1.6076764e+00	   1.4854805e+00	
   9.9411100e+01	   1.7208640e+00	   1.5656731e+00	
   9.9411100e+01	   1.3253956e+00	   1.5656731e+00	
   9.9411100e+01	   1.3384689e+00	   1.5656731e+00	
   9.3222200e+01	   1.8946018e+00	   1.5002400e+00	
   9.3222200e+01	   1.3319322e+00	   1.5002400e+00	
   9.2677800e+01	   1.2416230e+00	   1.4946168e+00	
   9.2677800e+01	   1.1972425e+00	   1.4946168e+00	
   9.2544400e+01	   1.7449465e+00	   1.4932421e+00	
   9.2544400e+01	   1.4458079e+00	   1.4932421e+00	
   9.2544400e+01	   1.3639275e+00	   1.4932421e+00	
   9.6644400e+01	   1.2357744e+00	   1.5360762e+00	
   9.6644400e+01	   1.7958637e+00	   1.5360762e+00	
   9.6644400e+01	   1.2829072e+00	   1.5360762e+00	
   9.6644400e+01	   1.9546359e+00	   1.5360762e+00	
   9.0855600e+01	   1.1587105e+00	   1.4759479e+00	
   9.0855600e+01	   1.3518863e+00	   1.4759479e+00	
   9.6744400e+01	   1.2559005e+00	   1.5371362e+00	
   9.6744400e+01	   1.1729880e+00	   1.5371362e+00	
   9.6744400e+01	   1.6802679e+00	   1.5371362e+00	
   9.4888900e+01	   1.1595706e+00	   1.5175875e+00	
   9.4888900e+01	   9.9082135e-01	   1.5175875e+00	
   9.4888900e+01	   1.1513138e+00	   1.5175875e+00	
   9.4888900e+01	   1.7100269e+00	   1.5175875e+00	
   9.4888900e+01	   1.6224700e+00	   1.5175875e+00	
   8.9211100e+01	   1.2448913e+00	   1.4592998e+00	
   9.1288900e+01	   1.7846826e+00	   1.4803659e+00	
   9.1288900e+01	   1.1733320e+00	   1.4803659e+00	
   9.1288900e+01	   1.0255689e+00	   1.4803659e+00	
   8.9677800e+01	   1.6345112e+00	   1.4640053e+00	
   8.9677800e+01	   1.0960961e+00	   1.4640053e+00	
   8.9677800e+01	   1.9558401e+00	   1.4640053e+00	
   8.9677800e+01	   2.0098536e+00	   1.4640053e+00	
   9.6977800e+01	   1.5593395e+00	   1.5396129e+00	
   9.0366700e+01	   1.2540083e+00	   1.4709788e+00	
   9.0366700e+01	   1.1335960e+00	   1.4709788e+00	
   9.0366700e+01	   1.7685129e+00	   1.4709788e+00	
   9.5977800e+01	   1.1564743e+00	   1.5290293e+00	
   9.5977800e+01	   1.0503394e+00	   1.5290293e+00	
   9.5977800e+01	   1.1306717e+00	   1.5290293e+00	
   9.5977800e+01	   1.1153621e+00	   1.5290293e+00	
   9.0900000e+01	   1.0991924e+00	   1.4764000e+00	
   1.1225600e+02	   1.2675977e+00	   1.7107285e+00	
   1.1225600e+02	   1.2460955e+00	   1.7107285e+00	
   1.1477800e+02	   1.2930563e+00	   1.7407497e+00	
   1.1477800e+02	   1.8997623e+00	   1.7407497e+00	
   1.2844400e+02	   1.8978701e+00	   1.9128289e+00	
   1.2844400e+02	   1.3405331e+00	   1.9128289e+00	
   1.2256700e+02	   1.3331364e+00	   1.8368351e+00	
   1.2256700e+02	   1.1910498e+00	   1.8368351e+00	
   1.2256700e+02	   1.3751087e+00	   1.8368351e+00	
   1.2256700e+02	   1.9071591e+00	   1.8368351e+00	
   1.0562200e+02	   1.3727004e+00	   1.6342080e+00	
   1.0562200e+02	   1.8770560e+00	   1.6342080e+00	
   1.0562200e+02	   2.0101976e+00	   1.6342080e+00	
   1.0562200e+02	   1.2436872e+00	   1.6342080e+00	
   1.0562200e+02	   1.8166778e+00	   1.6342080e+00	
   1.0443300e+02	   1.0883553e+00	   1.6208596e+00	
   1.0443300e+02	   1.3475858e+00	   1.6208596e+00	
   1.0443300e+02	   1.4114044e+00	   1.6208596e+00	
   1.1244400e+02	   1.7910472e+00	   1.7129484e+00	
   1.1244400e+02	   1.3460377e+00	   1.7129484e+00	
   1.1244400e+02	   1.7346254e+00	   1.7129484e+00	
   1.0652200e+02	   1.2540083e+00	   1.6443850e+00	
   1.0652200e+02	   1.5378373e+00	   1.6443850e+00	
   1.0652200e+02	   1.4827917e+00	   1.6443850e+00	
   1.0777800e+02	   1.1442610e+00	   1.6586935e+00	
   1.0777800e+02	   1.3422533e+00	   1.6586935e+00	
   1.0777800e+02	   1.7950036e+00	   1.6586935e+00	
   1.0777800e+02	   1.2399028e+00	   1.6586935e+00	
   1.0777800e+02	   1.1886416e+00	   1.6586935e+00	
   1.0337800e+02	   1.9434548e+00	   1.6091069e+00	
   1.0337800e+02	   1.5159911e+00	   1.6091069e+00	
   1.0777800e+02	   1.1800407e+00	   1.6586935e+00	
   1.0220000e+02	   1.8686271e+00	   1.5960846e+00	
   1.0220000e+02	   1.3496501e+00	   1.5960846e+00	
   1.0220000e+02	   1.5153030e+00	   1.5960846e+00	
   1.0220000e+02	   1.3749366e+00	   1.5960846e+00	
   1.1046700e+02	   1.3106021e+00	   1.6897471e+00	
   1.1046700e+02	   1.7879509e+00	   1.6897471e+00	
   1.1046700e+02	   1.7982719e+00	   1.6897471e+00	
   1.1046700e+02	   1.6969536e+00	   1.6897471e+00	
   1.1038900e+02	   1.1800407e+00	   1.6888382e+00	
   1.1038900e+02	   1.1743641e+00	   1.6888382e+00	
   1.1038900e+02	   1.8565859e+00	   1.6888382e+00	
   1.0693300e+02	   1.2228731e+00	   1.6490535e+00	
   1.0693300e+02	   1.2469556e+00	   1.6490535e+00	
   1.0693300e+02	   1.2201208e+00	   1.6490535e+00	
   1.0784400e+02	   1.7344534e+00	   1.6594488e+00	
   1.0784400e+02	   1.2772306e+00	   1.6594488e+00	
   1.0784400e+02	   1.2053273e+00	   1.6594488e+00	
   1.0816700e+02	   1.1895017e+00	   1.6631503e+00	
   1.4051100e+02	   1.6515409e+00	   2.0788624e+00	
   1.4051100e+02	   1.2407629e+00	   2.0788624e+00	
   1.4051100e+02	   1.6616900e+00	   2.0788624e+00	
   1.4051100e+02	   1.5431699e+00	   2.0788624e+00	
   1.4051100e+02	   1.2746504e+00	   2.0788624e+00	
   1.2570000e+02	   1.2519441e+00	   1.8769635e+00	
   1.2570000e+02	   1.3364047e+00	   1.8769635e+00	
   1.3150000e+02	   2.1476397e+00	   1.9535796e+00	
   1.3150000e+02	   2.0550942e+00	   1.9535796e+00	
   1.1487800e+02	   1.9451750e+00	   1.7419509e+00	
   1.1487800e+02	   2.0489016e+00	   1.7419509e+00	
   1.1487800e+02	   1.1903618e+00	   1.7419509e+00	
   1.1487800e+02	   1.2947764e+00	   1.7419509e+00	
   1.1332200e+02	   1.6236741e+00	   1.7233542e+00	
   1.1332200e+02	   2.1450594e+00	   1.7233542e+00	
   1.1651100e+02	   1.3066457e+00	   1.7616838e+00	
   1.1651100e+02	   1.2282056e+00	   1.7616838e+00	
   1.1648900e+02	   1.6740752e+00	   1.7614165e+00	
   1.1648900e+02	   1.5514267e+00	   1.7614165e+00	
   1.1648900e+02	   2.1543484e+00	   1.7614165e+00	
   1.1250000e+02	   1.3136984e+00	   1.7136102e+00	
   1.1250000e+02	   1.3496501e+00	   1.7136102e+00	
   1.1250000e+02	   1.4635257e+00	   1.7136102e+00	
   1.1773300e+02	   1.8643267e+00	   1.7765963e+00	
   1.1127800e+02	   1.7583639e+00	   1.6992264e+00	
   1.1127800e+02	   1.3338244e+00	   1.6992264e+00	
   1.1127800e+02	   1.5995916e+00	   1.6992264e+00	
   1.1127800e+02	   1.4778032e+00	   1.6992264e+00	
   1.2012200e+02	   1.5839380e+00	   1.8061157e+00	
   1.2012200e+02	   2.1519401e+00	   1.8061157e+00	
   1.5712200e+02	   2.0377204e+00	   2.3312454e+00	
   1.5712200e+02	   1.3684000e+00	   2.3312454e+00	
   1.1941100e+02	   1.8687992e+00	   1.7972794e+00	
   1.1941100e+02	   2.0487296e+00	   1.7972794e+00	
   1.1941100e+02	   1.3054415e+00	   1.7972794e+00	
   1.1941100e+02	   1.9511956e+00	   1.7972794e+00	
   1.1598900e+02	   2.0040050e+00	   1.7553518e+00	
   1.1713300e+02	   1.8383520e+00	   1.7692586e+00	
   1.1622200e+02	   1.9217806e+00	   1.7581754e+00	
   1.1622200e+02	   1.5629519e+00	   1.7581754e+00	
   1.1728900e+02	   1.9240168e+00	   1.7711635e+00	
   1.1728900e+02	   2.1844514e+00	   1.7711635e+00	
   1.1728900e+02	   2.1552085e+00	   1.7711635e+00	
   1.5240000e+02	   1.9422507e+00	   2.2565352e+00	
   1.5240000e+02	   1.4404753e+00	   2.2565352e+00	
   1.5240000e+02	   2.1703460e+00	   2.2565352e+00	
   1.5240000e+02	   1.6981577e+00	   2.2565352e+00	
   1.1268900e+02	   1.2992489e+00	   1.7158457e+00	
   1.1268900e+02	   1.2698339e+00	   1.7158457e+00	
   1.3440000e+02	   2.1772267e+00	   1.9930526e+00	
   1.3598900e+02	   1.7948316e+00	   2.0150183e+00	
   1.3598900e+02	   1.7225842e+00	   2.0150183e+00	
   1.3075600e+02	   2.0162182e+00	   1.9435794e+00	
   1.3046700e+02	   2.0351402e+00	   1.9397087e+00	
   1.3046700e+02	   1.9799225e+00	   1.9397087e+00	
   1.3015600e+02	   1.3384689e+00	   1.9355520e+00	
   1.4158900e+02	   2.0848533e+00	   2.0943784e+00	
   1.3088900e+02	   2.3870882e+00	   1.9453633e+00	
   1.3200000e+02	   2.1663896e+00	   1.9603291e+00	
   1.3200000e+02	   1.6625501e+00	   1.9603291e+00	
   1.2985600e+02	   1.8975261e+00	   1.9315507e+00	
   1.3578900e+02	   2.2138665e+00	   2.0122403e+00	
   1.3578900e+02	   1.7962077e+00	   2.0122403e+00	
   1.3712200e+02	   1.6267704e+00	   2.0308282e+00	
   1.3296700e+02	   1.5349130e+00	   1.9734488e+00	
   1.2818900e+02	   1.7630083e+00	   1.9094673e+00	
   1.2818900e+02	   2.2360567e+00	   1.9094673e+00	
   1.2885600e+02	   1.6819881e+00	   1.9182728e+00	
   1.2885600e+02	   2.4531429e+00	   1.9182728e+00	
   1.2885600e+02	   1.6640982e+00	   1.9182728e+00	
   1.2885600e+02	   1.8872050e+00	   1.9182728e+00	
   1.2885600e+02	   2.3814116e+00	   1.9182728e+00	
   1.3651100e+02	   1.4356589e+00	   2.0222869e+00	
   1.3651100e+02	   1.7258525e+00	   2.0222869e+00	
   1.2970000e+02	   2.2284880e+00	   1.9294734e+00	
   1.2970000e+02	   2.2209192e+00	   1.9294734e+00	
   1.4593300e+02	   3.0810072e+00	   2.1580855e+00	
   1.4593300e+02	   2.9724641e+00	   2.1580855e+00	
   1.4593300e+02	   2.6683369e+00	   2.1580855e+00	
   1.4593300e+02	   2.4405856e+00	   2.1580855e+00	
   1.4681100e+02	   2.3062399e+00	   2.1711954e+00	
   1.6717800e+02	   3.4405239e+00	   2.4986945e+00	
   1.6390000e+02	   3.5088149e+00	   2.4428293e+00	
   1.5976700e+02	   2.7393802e+00	   2.3741695e+00	
   1.4975600e+02	   3.5464868e+00	   2.2157531e+00	
   1.4975600e+02	   3.6306034e+00	   2.2157531e+00	
   1.4975600e+02	   2.8207445e+00	   2.2157531e+00	
   1.7208900e+02	   4.2641442e+00	   2.5847899e+00	
   1.7525600e+02	   2.9765925e+00	   2.6418780e+00	
   1.7046700e+02	   4.2722290e+00	   2.5560312e+00	
   1.7968900e+02	   4.0019894e+00	   2.7239108e+00	
   1.5878900e+02	   5.0146569e+00	   2.3582068e+00	
   1.5878900e+02	   4.8973409e+00	   2.3582068e+00	
