   2.4466700e+01	   7.6996368e-01	   1.1069955e+00	
   2.4588900e+01	   1.1720621e+00	   1.1073899e+00	
   2.5611100e+01	   1.1989954e+00	   1.1106956e+00	
   2.6533300e+01	   1.0713292e+00	   1.1136886e+00	
   2.6533300e+01	   1.4010279e+00	   1.1136886e+00	
   2.7800000e+01	   8.8416324e-01	   1.1178164e+00	
   2.6633300e+01	   9.8042953e-01	   1.1140138e+00	
   2.6633300e+01	   1.1698621e+00	   1.1140138e+00	
   2.7155600e+01	   1.3907279e+00	   1.1157140e+00	
   2.7155600e+01	   1.3929279e+00	   1.1157140e+00	
   2.4222200e+01	   9.8206286e-01	   1.1062070e+00	
   2.5444400e+01	   9.7282956e-01	   1.1101557e+00	
   2.5444400e+01	   9.9476281e-01	   1.1101557e+00	
   2.5033300e+01	   7.6456370e-01	   1.1088255e+00	
   2.5033300e+01	   1.4981942e+00	   1.1088255e+00	
   2.6633300e+01	   7.8553029e-01	   1.1140138e+00	
   2.5722200e+01	   1.0759625e+00	   1.1110556e+00	
   2.5722200e+01	   9.0139651e-01	   1.1110556e+00	
   2.6644400e+01	   1.1837287e+00	   1.1140499e+00	
   2.6644400e+01	   1.3697614e+00	   1.1140499e+00	
   2.5755600e+01	   1.1702955e+00	   1.1111639e+00	
   2.5755600e+01	   1.1965287e+00	   1.1111639e+00	
   2.5488900e+01	   7.7049701e-01	   1.1102998e+00	
   2.5488900e+01	   1.0049628e+00	   1.1102998e+00	
   2.5277800e+01	   8.7526327e-01	   1.1096164e+00	
   2.5277800e+01	   9.8979616e-01	   1.1096164e+00	
   2.7422200e+01	   1.1973287e+00	   1.1165832e+00	
   2.7422200e+01	   1.2909950e+00	   1.1165832e+00	
   2.6411100e+01	   1.2809950e+00	   1.1132914e+00	
   2.6411100e+01	   9.8656284e-01	   1.1132914e+00	
   2.6211100e+01	   1.1818954e+00	   1.1126417e+00	
   2.6211100e+01	   1.2862950e+00	   1.1126417e+00	
   2.5922200e+01	   1.0870291e+00	   1.1117041e+00	
   2.5922200e+01	   1.2945950e+00	   1.1117041e+00	
   2.4588900e+01	   7.6673036e-01	   1.1073899e+00	
   2.4866700e+01	   8.7476328e-01	   1.1082870e+00	
   2.4866700e+01	   1.1270290e+00	   1.1082870e+00	
   2.5133300e+01	   1.0727625e+00	   1.1091489e+00	
   2.5133300e+01	   1.5218608e+00	   1.1091489e+00	
   2.7911100e+01	   7.7459700e-01	   1.1181793e+00	
   2.6711100e+01	   9.8436285e-01	   1.1142668e+00	
   2.6711100e+01	   1.3726947e+00	   1.1142668e+00	
   2.6988900e+01	   8.7679660e-01	   1.1151710e+00	
   2.6988900e+01	   1.0798958e+00	   1.1151710e+00	
   2.7022200e+01	   5.7306445e-01	   1.1152795e+00	
   2.4055600e+01	   6.6209743e-01	   1.1056701e+00	
   2.5044400e+01	   7.7263034e-01	   1.1088614e+00	
   2.5044400e+01	   1.5292274e+00	   1.1088614e+00	
   2.5111100e+01	   8.6719664e-01	   1.1090771e+00	
   2.4188900e+01	   1.0311627e+00	   1.1060996e+00	
   2.4188900e+01	   1.2033287e+00	   1.1060996e+00	
   2.6466700e+01	   1.0737958e+00	   1.1134721e+00	
   2.6333300e+01	   1.0027628e+00	   1.1130386e+00	
   2.6466700e+01	   1.2771284e+00	   1.1134721e+00	
   2.6744400e+01	   8.7336328e-01	   1.1143751e+00	
   2.6744400e+01	   1.3867946e+00	   1.1143751e+00	
   2.5422200e+01	   1.3802280e+00	   1.1100838e+00	
   2.3833300e+01	   7.6979702e-01	   1.1049542e+00	
   2.3833300e+01	   1.2363619e+00	   1.1049542e+00	
   2.7666700e+01	   9.7599622e-01	   1.1173811e+00	
   2.7666700e+01	   1.0954624e+00	   1.1173811e+00	
   2.5266700e+01	   7.7479700e-01	   1.1095804e+00	
   2.6166700e+01	   1.2862950e+00	   1.1124976e+00	
   2.6166700e+01	   1.0769625e+00	   1.1124976e+00	
   2.7777800e+01	   9.7772954e-01	   1.1177439e+00	
   2.7777800e+01	   9.8419619e-01	   1.1177439e+00	
   2.7111100e+01	   9.8586285e-01	   1.1155690e+00	
   2.7111100e+01	   1.0959291e+00	   1.1155690e+00	
   2.6188900e+01	   8.8092992e-01	   1.1125697e+00	
   2.5144400e+01	   7.8856361e-01	   1.1091848e+00	
   2.4300000e+01	   9.7156290e-01	   1.1064578e+00	
   2.7033300e+01	   8.6919663e-01	   1.1153156e+00	
   2.7033300e+01	   1.3262949e+00	   1.1153156e+00	
   2.9488900e+01	   1.3871280e+00	   1.1233506e+00	
   2.6588900e+01	   8.8206325e-01	   1.1138694e+00	
   2.3955600e+01	   8.8899655e-01	   1.1053479e+00	
   2.3955600e+01	   1.2735951e+00	   1.1053479e+00	
   2.7766700e+01	   1.0814958e+00	   1.1177076e+00	
   2.7766700e+01	   7.8443029e-01	   1.1177076e+00	
   2.6144400e+01	   6.6173077e-01	   1.1124252e+00	
   2.6488900e+01	   7.7419700e-01	   1.1135443e+00	
   2.6488900e+01	   9.1826311e-01	   1.1135443e+00	
   2.4577800e+01	   9.7306290e-01	   1.1073540e+00	
   2.4577800e+01	   9.9042949e-01	   1.1073540e+00	
   2.7344400e+01	   8.0676354e-01	   1.1163295e+00	
   2.4577800e+01	   9.7589622e-01	   1.1073540e+00	
   2.7344400e+01	   9.9129616e-01	   1.1163295e+00	
   2.7344400e+01	   1.1885954e+00	   1.1163295e+00	
   2.7188900e+01	   1.3785280e+00	   1.1158225e+00	
   2.7188900e+01	   1.4004612e+00	   1.1158225e+00	
   2.7544400e+01	   9.6989624e-01	   1.1169819e+00	
   2.7544400e+01	   9.9266282e-01	   1.1169819e+00	
   2.3966700e+01	   8.7226329e-01	   1.1053837e+00	
   2.3966700e+01	   1.2912617e+00	   1.1053837e+00	
   2.3277800e+01	   1.0685292e+00	   1.1031677e+00	
   2.3277800e+01	   1.0893291e+00	   1.1031677e+00	
   2.8022200e+01	   9.7626288e-01	   1.1185425e+00	
   2.8022200e+01	   8.8232991e-01	   1.1185425e+00	
   2.3844400e+01	   7.7226367e-01	   1.1049899e+00	
   2.3844400e+01	   1.4070279e+00	   1.1049899e+00	
   2.6155600e+01	   8.8642990e-01	   1.1124615e+00	
   2.5333300e+01	   8.8522990e-01	   1.1097960e+00	
   2.6155600e+01	   1.4019612e+00	   1.1124615e+00	
   2.5088900e+01	   1.1717621e+00	   1.1090053e+00	
   2.5088900e+01	   1.0936291e+00	   1.1090053e+00	
   2.6722200e+01	   1.1690288e+00	   1.1143029e+00	
   2.6722200e+01	   1.2055620e+00	   1.1143029e+00	
   2.5744400e+01	   9.6952958e-01	   1.1111276e+00	
   2.5744400e+01	   1.3123282e+00	   1.1111276e+00	
   2.6266700e+01	   8.6682997e-01	   1.1128223e+00	
   2.6266700e+01	   9.8366285e-01	   1.1128223e+00	
   2.6755600e+01	   9.9632947e-01	   1.1144116e+00	
   2.6755600e+01	   1.0895958e+00	   1.1144116e+00	
   2.7433300e+01	   9.8992950e-01	   1.1166194e+00	
   2.4466700e+01	   9.7672955e-01	   1.1069955e+00	
   2.4466700e+01	   1.2973616e+00	   1.1069955e+00	
   2.3755600e+01	   9.7149623e-01	   1.1047041e+00	
   2.3755600e+01	   1.2157286e+00	   1.1047041e+00	
   2.6400000e+01	   8.9069655e-01	   1.1132553e+00	
   2.2900000e+01	   1.2732617e+00	   1.1019548e+00	
   2.2900000e+01	   1.5962605e+00	   1.1019548e+00	
   2.6966700e+01	   1.3734613e+00	   1.1150987e+00	
   2.6966700e+01	   1.1842954e+00	   1.1150987e+00	
   2.4722200e+01	   7.7796365e-01	   1.1078202e+00	
   2.4722200e+01	   1.3916279e+00	   1.1078202e+00	
   2.3922200e+01	   8.7019663e-01	   1.1052404e+00	
   2.3922200e+01	   9.1632978e-01	   1.1052404e+00	
   2.5511100e+01	   7.7259701e-01	   1.1103717e+00	
   2.5511100e+01	   9.8132953e-01	   1.1103717e+00	
   2.6622200e+01	   1.0793958e+00	   1.1139777e+00	
   2.6622200e+01	   9.6972957e-01	   1.1139777e+00	
   2.7500000e+01	   8.7239662e-01	   1.1168370e+00	
   2.7500000e+01	   9.8199619e-01	   1.1168370e+00	
   2.4366700e+01	   1.0899624e+00	   1.1066729e+00	
   2.4366700e+01	   1.2673284e+00	   1.1066729e+00	
   2.6888900e+01	   1.1667288e+00	   1.1148454e+00	
   2.6888900e+01	   1.0929958e+00	   1.1148454e+00	
   2.6922200e+01	   9.8789617e-01	   1.1149538e+00	
   2.6922200e+01	   1.0825958e+00	   1.1149538e+00	
   2.4811100e+01	   7.7423033e-01	   1.1081074e+00	
   2.4811100e+01	   9.9722947e-01	   1.1081074e+00	
   2.5877800e+01	   9.8466285e-01	   1.1115601e+00	
   2.5877800e+01	   1.1749621e+00	   1.1115601e+00	
   2.4377800e+01	   8.7202995e-01	   1.1067087e+00	
   2.4377800e+01	   1.1993287e+00	   1.1067087e+00	
   2.6577800e+01	   8.7592994e-01	   1.1138333e+00	
   2.3744400e+01	   1.3771947e+00	   1.1046680e+00	
   2.6577800e+01	   1.5776606e+00	   1.1138333e+00	
   2.5577800e+01	   1.5782605e+00	   1.1105877e+00	
   2.4288900e+01	   8.7832993e-01	   1.1064220e+00	
   2.4288900e+01	   1.0925958e+00	   1.1064220e+00	
   2.7433300e+01	   9.8086286e-01	   1.1166194e+00	
   2.7433300e+01	   1.6911268e+00	   1.1166194e+00	
   2.7177800e+01	   1.2828617e+00	   1.1157864e+00	
   2.4855600e+01	   1.1737955e+00	   1.1082512e+00	
   2.4855600e+01	   1.1920954e+00	   1.1082512e+00	
   2.6388900e+01	   7.7593033e-01	   1.1132193e+00	
   2.5844400e+01	   8.7332995e-01	   1.1114518e+00	
   2.5844400e+01	   9.9416281e-01	   1.1114518e+00	
   2.7511100e+01	   4.6493153e-01	   1.1168732e+00	
   3.5055600e+01	   8.7862993e-01	   1.1418512e+00	
   3.3022200e+01	   1.0800291e+00	   1.1350458e+00	
   3.5833300e+01	   1.0215960e+00	   1.1444690e+00	
   3.6666700e+01	   9.7112957e-01	   1.1472836e+00	
   3.6666700e+01	   1.1115290e+00	   1.1472836e+00	
   3.7577800e+01	   9.9729613e-01	   1.1503720e+00	
   3.7577800e+01	   1.1855287e+00	   1.1503720e+00	
   3.6644400e+01	   1.0890958e+00	   1.1472082e+00	
   3.5311100e+01	   1.3924613e+00	   1.1427103e+00	
   3.5311100e+01	   1.1034291e+00	   1.1427103e+00	
   3.4066700e+01	   1.1018957e+00	   1.1385345e+00	
   3.5033300e+01	   8.7196329e-01	   1.1417762e+00	
   3.5033300e+01	   9.2652974e-01	   1.1417762e+00	
   3.5188900e+01	   1.2826284e+00	   1.1422993e+00	
   3.5188900e+01	   1.5059275e+00	   1.1422993e+00	
   3.5211100e+01	   1.0820291e+00	   1.1423739e+00	
   3.5211100e+01	   1.2223619e+00	   1.1423739e+00	
   3.5888900e+01	   9.8836284e-01	   1.1446564e+00	
   3.5233300e+01	   1.1897621e+00	   1.1424486e+00	
   3.5233300e+01	   1.3132616e+00	   1.1424486e+00	
   3.5788900e+01	   1.1740621e+00	   1.1443193e+00	
   3.5144400e+01	   1.0779958e+00	   1.1421497e+00	
   3.5144400e+01	   1.1183957e+00	   1.1421497e+00	
   3.5733300e+01	   1.1766954e+00	   1.1441319e+00	
   3.5733300e+01	   1.0971624e+00	   1.1441319e+00	
   3.7122200e+01	   1.0084294e+00	   1.1488262e+00	
   3.7122200e+01	   1.3223282e+00	   1.1488262e+00	
   3.7177800e+01	   1.2864283e+00	   1.1490146e+00	
   3.7177800e+01	   1.0840291e+00	   1.1490146e+00	
   3.6955600e+01	   1.2849950e+00	   1.1482616e+00	
   3.7644400e+01	   1.2956283e+00	   1.1505982e+00	
   3.6766700e+01	   1.1767288e+00	   1.1476220e+00	
   3.6766700e+01	   1.1877954e+00	   1.1476220e+00	
   3.3611100e+01	   8.6572998e-01	   1.1370110e+00	
   3.3611100e+01	   8.9952985e-01	   1.1370110e+00	
   3.3888900e+01	   7.7916365e-01	   1.1379396e+00	
   3.3888900e+01	   1.1057957e+00	   1.1379396e+00	
   3.5244400e+01	   8.9669652e-01	   1.1424859e+00	
   3.5244400e+01	   1.0729625e+00	   1.1424859e+00	
   3.7400000e+01	   9.7426289e-01	   1.1497684e+00	
   3.7400000e+01	   1.2091620e+00	   1.1497684e+00	
   3.7322200e+01	   7.8789695e-01	   1.1495044e+00	
   3.7322200e+01	   1.3811613e+00	   1.1495044e+00	
   3.6400000e+01	   7.9519692e-01	   1.1463818e+00	
   3.6711100e+01	   1.0163294e+00	   1.1474338e+00	
   3.3522200e+01	   1.1086290e+00	   1.1367141e+00	
   3.3522200e+01	   1.4019946e+00	   1.1367141e+00	
   3.3511100e+01	   8.7579661e-01	   1.1366770e+00	
   3.3533300e+01	   1.2393619e+00	   1.1367511e+00	
   3.3533300e+01	   1.0914291e+00	   1.1367511e+00	
   3.5955600e+01	   9.0682982e-01	   1.1448814e+00	
   3.5955600e+01	   1.3005616e+00	   1.1448814e+00	
   3.7244400e+01	   1.2830950e+00	   1.1492405e+00	
   3.6788900e+01	   1.1929954e+00	   1.1476972e+00	
   3.6788900e+01	   1.2899283e+00	   1.1476972e+00	
   3.4600000e+01	   8.9326320e-01	   1.1403215e+00	
   3.3688900e+01	   7.7349700e-01	   1.1372710e+00	
   3.3688900e+01	   1.2988950e+00	   1.1372710e+00	
   3.8700000e+01	   7.7906365e-01	   1.1541925e+00	
   3.8700000e+01	   9.6262960e-01	   1.1541925e+00	
   3.4988900e+01	   9.9336282e-01	   1.1416271e+00	
   3.4988900e+01	   1.1938954e+00	   1.1416271e+00	
   3.5288900e+01	   1.1096957e+00	   1.1426356e+00	
   3.8455600e+01	   9.9729613e-01	   1.1533589e+00	
   3.8455600e+01	   1.6107604e+00	   1.1533589e+00	
   3.6522200e+01	   1.5945272e+00	   1.1467949e+00	
   3.6222200e+01	   1.0802958e+00	   1.1457812e+00	
   3.4833300e+01	   8.7602994e-01	   1.1411045e+00	
   3.3900000e+01	   1.2395285e+00	   1.1379768e+00	
   3.8388900e+01	   9.9779613e-01	   1.1531315e+00	
   3.8388900e+01	   1.2752951e+00	   1.1531315e+00	
   3.8655600e+01	   9.8342952e-01	   1.1540410e+00	
   3.4822200e+01	   1.4109945e+00	   1.1410672e+00	
   3.4822200e+01	   8.8096325e-01	   1.1410672e+00	
   3.3255600e+01	   9.7919620e-01	   1.1358241e+00	
   3.3255600e+01	   1.3164282e+00	   1.1358241e+00	
   3.8422200e+01	   1.0867958e+00	   1.1532450e+00	
   3.8422200e+01	   9.8482952e-01	   1.1532450e+00	
   3.6144400e+01	   6.6966407e-01	   1.1455185e+00	
   3.5244400e+01	   1.0906291e+00	   1.1424859e+00	
   3.5244400e+01	   1.1064624e+00	   1.1424859e+00	
   3.4722200e+01	   1.0826958e+00	   1.1407315e+00	
   3.4722200e+01	   1.1927954e+00	   1.1407315e+00	
   3.8166700e+01	   1.4882609e+00	   1.1523746e+00	
   3.8166700e+01	   1.2946283e+00	   1.1523746e+00	
   3.6300000e+01	   9.9569614e-01	   1.1460439e+00	
   3.6300000e+01	   1.2159620e+00	   1.1460439e+00	
   3.7788900e+01	   9.9322948e-01	   1.1510893e+00	
   3.7788900e+01	   1.1998620e+00	   1.1510893e+00	
   3.7333300e+01	   1.2957616e+00	   1.1495420e+00	
   3.3433300e+01	   1.0752625e+00	   1.1364172e+00	
   3.3433300e+01	   9.4052969e-01	   1.1364172e+00	
   3.2533300e+01	   9.7859621e-01	   1.1334179e+00	
   3.2533300e+01	   1.2224953e+00	   1.1334179e+00	
   4.0744400e+01	   1.2807284e+00	   1.1612008e+00	
   3.6211100e+01	   1.4897609e+00	   1.1457437e+00	
   3.2744400e+01	   9.0739648e-01	   1.1341204e+00	
   3.2744400e+01	   1.2824284e+00	   1.1341204e+00	
   3.7122200e+01	   1.3728613e+00	   1.1488262e+00	
   3.7122200e+01	   1.4937609e+00	   1.1488262e+00	
   3.4200000e+01	   1.0834291e+00	   1.1389808e+00	
   3.5911100e+01	   9.2449642e-01	   1.1447313e+00	
   3.7277800e+01	   9.8299619e-01	   1.1493538e+00	
   3.7277800e+01	   1.5477273e+00	   1.1493538e+00	
   3.7055600e+01	   1.0816625e+00	   1.1486004e+00	
   3.5600000e+01	   1.0821291e+00	   1.1436828e+00	
   3.5600000e+01	   1.3013616e+00	   1.1436828e+00	
   3.6755600e+01	   1.1921620e+00	   1.1475844e+00	
   3.6755600e+01	   1.3089283e+00	   1.1475844e+00	
   3.7300000e+01	   8.8039659e-01	   1.1494291e+00	
   3.7300000e+01	   1.7123934e+00	   1.1494291e+00	
   3.3166700e+01	   9.7739621e-01	   1.1355276e+00	
   3.3166700e+01	   9.9756280e-01	   1.1355276e+00	
   3.3011100e+01	   9.6996291e-01	   1.1350088e+00	
   3.3011100e+01	   1.2031953e+00	   1.1350088e+00	
   3.3011100e+01	   8.9312987e-01	   1.1350088e+00	
   3.3277800e+01	   1.2759284e+00	   1.1358982e+00	
   3.3277800e+01	   1.4952942e+00	   1.1358982e+00	
   3.6422200e+01	   9.9492948e-01	   1.1464568e+00	
   3.6422200e+01	   1.4892942e+00	   1.1464568e+00	
   3.4466700e+01	   1.0847291e+00	   1.1398745e+00	
   3.6244400e+01	   7.8819694e-01	   1.1458561e+00	
   3.3844400e+01	   9.8149620e-01	   1.1377908e+00	
   3.3733300e+01	   1.0048294e+00	   1.1374194e+00	
   3.3733300e+01	   1.2812284e+00	   1.1374194e+00	
   3.3733300e+01	   1.6923934e+00	   1.1374194e+00	
   3.7100000e+01	   1.2842950e+00	   1.1487509e+00	
   3.7100000e+01	   9.9679614e-01	   1.1487509e+00	
   3.3133300e+01	   8.6919663e-01	   1.1354162e+00	
   3.4844400e+01	   1.2274286e+00	   1.1411417e+00	
   3.5288900e+01	   1.6729602e+00	   1.1426356e+00	
   3.5288900e+01	   1.6957268e+00	   1.1426356e+00	
   3.3488900e+01	   1.3849946e+00	   1.1366028e+00	
   3.3488900e+01	   1.2268286e+00	   1.1366028e+00	
   3.5844400e+01	   1.1928287e+00	   1.1445064e+00	
   3.5844400e+01	   1.2802617e+00	   1.1445064e+00	
   3.4688900e+01	   9.7336289e-01	   1.1406198e+00	
   3.4688900e+01	   1.1086624e+00	   1.1406198e+00	
   3.3588900e+01	   8.7486328e-01	   1.1369368e+00	
   3.3588900e+01	   1.4045279e+00	   1.1369368e+00	
   3.7088900e+01	   8.8379657e-01	   1.1487133e+00	
   3.7133300e+01	   8.9416320e-01	   1.1488638e+00	
   3.7133300e+01	   1.3873613e+00	   1.1488638e+00	
   3.6100000e+01	   1.5019275e+00	   1.1453686e+00	
   3.4000000e+01	   9.9032949e-01	   1.1383113e+00	
   3.4000000e+01	   1.4886276e+00	   1.1383113e+00	
   3.5488900e+01	   8.8916322e-01	   1.1433087e+00	
   3.5488900e+01	   8.9436320e-01	   1.1433087e+00	
   3.2844400e+01	   8.8286324e-01	   1.1344534e+00	
   3.2844400e+01	   1.3035616e+00	   1.1344534e+00	
   3.7444400e+01	   7.8823028e-01	   1.1499191e+00	
   3.2844400e+01	   1.4817609e+00	   1.1344534e+00	
   3.4566700e+01	   7.7906365e-01	   1.1402098e+00	
   3.4566700e+01	   2.3559575e+00	   1.1402098e+00	
   3.7344400e+01	   7.6913035e-01	   1.1495797e+00	
   4.5188900e+01	   8.8276325e-01	   1.1766633e+00	
   4.2088900e+01	   1.1901621e+00	   1.1658448e+00	
   4.5766700e+01	   1.2194953e+00	   1.1786975e+00	
   4.6311100e+01	   9.7689621e-01	   1.1806194e+00	
   4.6311100e+01	   1.3267282e+00	   1.1806194e+00	
   4.8466700e+01	   1.2982616e+00	   1.1882809e+00	
   4.5777800e+01	   1.3127949e+00	   1.1787367e+00	
   4.5033300e+01	   1.0864625e+00	   1.1761165e+00	
   4.5033300e+01	   1.2894617e+00	   1.1761165e+00	
   4.4422200e+01	   1.5978605e+00	   1.1739729e+00	
   4.4422200e+01	   1.2021620e+00	   1.1739729e+00	
   4.4322200e+01	   1.0956958e+00	   1.1736227e+00	
   4.4322200e+01	   1.1345289e+00	   1.1736227e+00	
   4.3877800e+01	   1.2968616e+00	   1.1720685e+00	
   4.3877800e+01	   1.2240953e+00	   1.1720685e+00	
   4.3933300e+01	   9.7629622e-01	   1.1722624e+00	
   4.3933300e+01	   1.4098279e+00	   1.1722624e+00	
   4.4966700e+01	   9.8619618e-01	   1.1758826e+00	
   4.4822200e+01	   1.1144957e+00	   1.1753753e+00	
   4.4822200e+01	   1.6928601e+00	   1.1753753e+00	
   4.5011100e+01	   1.6811602e+00	   1.1760385e+00	
   4.4900000e+01	   1.2920617e+00	   1.1756484e+00	
   4.4733300e+01	   9.8196286e-01	   1.1750634e+00	
   4.4733300e+01	   1.2145620e+00	   1.1750634e+00	
   4.6788900e+01	   1.2008287e+00	   1.1823104e+00	
   4.6788900e+01	   1.1985954e+00	   1.1823104e+00	
   4.6000000e+01	   1.0864625e+00	   1.1795205e+00	
   4.6000000e+01	   1.0117294e+00	   1.1795205e+00	
   4.6833300e+01	   1.0150294e+00	   1.1824678e+00	
   4.8988900e+01	   1.0193627e+00	   1.1901496e+00	
   4.6477800e+01	   9.9916279e-01	   1.1812089e+00	
   4.8988900e+01	   1.5921272e+00	   1.1901496e+00	
   4.3088900e+01	   8.7509661e-01	   1.1693175e+00	
   4.3088900e+01	   9.2719641e-01	   1.1693175e+00	
   4.2455600e+01	   1.1970287e+00	   1.1671164e+00	
   4.5888900e+01	   9.7916287e-01	   1.1791285e+00	
   4.5888900e+01	   1.2084620e+00	   1.1791285e+00	
   4.7644400e+01	   1.6989267e+00	   1.1853484e+00	
   4.7644400e+01	   1.6972268e+00	   1.1853484e+00	
   4.6033300e+01	   1.2024287e+00	   1.1796381e+00	
   4.6033300e+01	   1.3051616e+00	   1.1796381e+00	
   4.6888900e+01	   9.9602947e-01	   1.1826649e+00	
   4.2488900e+01	   9.8489618e-01	   1.1672320e+00	
   4.2488900e+01	   1.2112953e+00	   1.1672320e+00	
   4.4633300e+01	   9.8032953e-01	   1.1747127e+00	
   4.2577800e+01	   1.3854946e+00	   1.1675406e+00	
   4.2433300e+01	   1.3976279e+00	   1.1670390e+00	
   4.5466700e+01	   1.0855958e+00	   1.1776406e+00	
   4.5466700e+01	   1.2941617e+00	   1.1776406e+00	
   4.5622200e+01	   9.9552947e-01	   1.1781883e+00	
   4.5622200e+01	   1.0055628e+00	   1.1781883e+00	
   4.6400000e+01	   9.9159616e-01	   1.1809337e+00	
   4.6400000e+01	   1.2230619e+00	   1.1809337e+00	
   4.2822200e+01	   9.0169651e-01	   1.1683897e+00	
   4.2400000e+01	   9.8776284e-01	   1.1669235e+00	
   4.8600000e+01	   1.0934958e+00	   1.1887574e+00	
   4.8600000e+01	   1.3074949e+00	   1.1887574e+00	
   4.4122200e+01	   9.8502952e-01	   1.1729228e+00	
   4.4122200e+01	   1.1428622e+00	   1.1729228e+00	
   4.8133300e+01	   1.4004279e+00	   1.1870904e+00	
   4.8133300e+01	   1.3075283e+00	   1.1870904e+00	
   4.6566700e+01	   1.2908617e+00	   1.1815235e+00	
   4.6566700e+01	   1.4114612e+00	   1.1815235e+00	
   4.3122200e+01	   8.8062992e-01	   1.1694334e+00	
   4.1944400e+01	   1.5018608e+00	   1.1653443e+00	
   4.8111100e+01	   1.1854954e+00	   1.1870112e+00	
   4.8111100e+01	   1.1054624e+00	   1.1870112e+00	
   4.9744400e+01	   1.4009612e+00	   1.1928623e+00	
   4.9744400e+01	   1.5198608e+00	   1.1928623e+00	
   4.3288900e+01	   1.2949950e+00	   1.1700139e+00	
   4.3288900e+01	   1.1025291e+00	   1.1700139e+00	
   4.7744400e+01	   1.8791260e+00	   1.1857043e+00	
   4.5566700e+01	   7.8233030e-01	   1.1779928e+00	
   4.4855600e+01	   1.0202294e+00	   1.1754925e+00	
   4.4855600e+01	   1.2853950e+00	   1.1754925e+00	
   4.4211100e+01	   9.7622955e-01	   1.1732338e+00	
   4.4211100e+01	   1.4965275e+00	   1.1732338e+00	
   4.4211100e+01	   1.2880617e+00	   1.1732338e+00	
   4.7444400e+01	   8.8166325e-01	   1.1846370e+00	
   4.6133300e+01	   1.1268956e+00	   1.1799912e+00	
   4.6133300e+01	   1.0218960e+00	   1.1799912e+00	
   4.7444400e+01	   1.0751625e+00	   1.1846370e+00	
   4.7444400e+01	   9.2526308e-01	   1.1846370e+00	
   4.7855600e+01	   9.9732947e-01	   1.1861004e+00	
   4.7855600e+01	   1.3859613e+00	   1.1861004e+00	
   4.1988900e+01	   1.2887617e+00	   1.1654984e+00	
   4.1433300e+01	   9.8526285e-01	   1.1635768e+00	
   4.1433300e+01	   1.4179278e+00	   1.1635768e+00	
   5.0466700e+01	   9.9966279e-01	   1.1954659e+00	
   4.2144400e+01	   1.2916950e+00	   1.1660371e+00	
   4.2144400e+01	   1.4216612e+00	   1.1660371e+00	
   4.6077800e+01	   1.2976616e+00	   1.1797952e+00	
   4.6077800e+01	   1.4091612e+00	   1.1797952e+00	
   4.3366700e+01	   1.0867291e+00	   1.1702850e+00	
   4.4955600e+01	   1.2183619e+00	   1.1758436e+00	
   4.6344400e+01	   1.2900283e+00	   1.1807371e+00	
   4.6344400e+01	   1.3245949e+00	   1.1807371e+00	
   4.5555600e+01	   1.0871958e+00	   1.1779537e+00	
   4.5555600e+01	   1.2035953e+00	   1.1779537e+00	
   4.6500000e+01	   1.0228960e+00	   1.1812875e+00	
   4.6500000e+01	   1.5086942e+00	   1.1812875e+00	
   4.7811100e+01	   1.0900291e+00	   1.1859419e+00	
   4.7811100e+01	   1.0968291e+00	   1.1859419e+00	
   4.2500000e+01	   1.0806625e+00	   1.1672705e+00	
   4.2500000e+01	   1.3060616e+00	   1.1672705e+00	
   4.1155600e+01	   9.8209619e-01	   1.1626181e+00	
   4.1155600e+01	   1.0596292e+00	   1.1626181e+00	
   4.1155600e+01	   1.3878613e+00	   1.1626181e+00	
   4.3388900e+01	   9.8122953e-01	   1.1703624e+00	
   4.2233300e+01	   1.3170616e+00	   1.1663453e+00	
   4.2233300e+01	   1.2000953e+00	   1.1663453e+00	
   4.5688900e+01	   1.3071283e+00	   1.1784233e+00	
   4.3933300e+01	   8.9206321e-01	   1.1722624e+00	
   4.3933300e+01	   1.1161623e+00	   1.1722624e+00	
   4.5744400e+01	   1.1762621e+00	   1.1786189e+00	
   4.4077800e+01	   1.1877287e+00	   1.1727676e+00	
   4.3566700e+01	   1.1121624e+00	   1.1709824e+00	
   4.4844400e+01	   1.2186953e+00	   1.1754532e+00	
   4.4844400e+01	   1.3320615e+00	   1.1754532e+00	
   4.6488900e+01	   9.0349650e-01	   1.1812482e+00	
   4.6488900e+01	   1.0716292e+00	   1.1812482e+00	
   4.2866700e+01	   7.7663032e-01	   1.1685445e+00	
   4.3933300e+01	   1.2363619e+00	   1.1722624e+00	
   4.4700000e+01	   8.7792993e-01	   1.1749466e+00	
   4.4700000e+01	   1.6991267e+00	   1.1749466e+00	
   4.7122200e+01	   1.0893624e+00	   1.1834925e+00	
   4.0877800e+01	   1.1901621e+00	   1.1616603e+00	
   4.0877800e+01	   1.2159286e+00	   1.1616603e+00	
   4.5311100e+01	   9.8409619e-01	   1.1770931e+00	
   4.5311100e+01	   1.1006957e+00	   1.1770931e+00	
   4.3388900e+01	   1.1955620e+00	   1.1703624e+00	
   4.3388900e+01	   1.0248960e+00	   1.1703624e+00	
   4.3100000e+01	   8.8559657e-01	   1.1693561e+00	
   4.3100000e+01	   9.1322979e-01	   1.1693561e+00	
   4.7422200e+01	   1.7859931e+00	   1.1845581e+00	
   4.7422200e+01	   2.7935225e+00	   1.1845581e+00	
   4.3322200e+01	   8.9096321e-01	   1.1701300e+00	
   4.3322200e+01	   1.0670959e+00	   1.1701300e+00	
   4.4900000e+01	   1.0050628e+00	   1.1756484e+00	
   4.9166700e+01	   1.0892291e+00	   1.1907870e+00	
   4.4900000e+01	   1.9105926e+00	   1.1756484e+00	
   4.1400000e+01	   9.8389619e-01	   1.1634618e+00	
   4.1400000e+01	   1.0088961e+00	   1.1634618e+00	
   4.7544400e+01	   1.0079961e+00	   1.1849926e+00	
   4.7544400e+01	   1.3778613e+00	   1.1849926e+00	
   4.3488900e+01	   1.1172623e+00	   1.1707111e+00	
   4.3488900e+01	   2.3966907e+00	   1.1707111e+00	
   4.7044400e+01	   8.7866326e-01	   1.1832164e+00	
   1.0351100e+02	   1.0085961e+00	   1.4427958e+00	
   9.9311100e+01	   1.1380623e+00	   1.4156194e+00	
   9.9311100e+01	   1.3953279e+00	   1.4156194e+00	
   9.7600000e+01	   1.2337952e+00	   1.4052074e+00	
   9.7600000e+01	   1.4498944e+00	   1.4052074e+00	
   6.4344400e+01	   1.1296290e+00	   1.2477327e+00	
   6.4344400e+01	   1.4381611e+00	   1.2477327e+00	
   6.3355600e+01	   1.1259623e+00	   1.2438470e+00	
   6.3600000e+01	   1.5267607e+00	   1.2448048e+00	
   6.3600000e+01	   1.5293941e+00	   1.2448048e+00	
   1.0442200e+02	   1.0184627e+00	   1.4490284e+00	
   1.0442200e+02	   1.1336956e+00	   1.4490284e+00	
   7.6300000e+01	   1.2358619e+00	   1.2973438e+00	
   7.6300000e+01	   1.4278278e+00	   1.2973438e+00	
   9.5666700e+01	   1.1048291e+00	   1.3938503e+00	
   9.5666700e+01	   1.5306274e+00	   1.3938503e+00	
   6.7111100e+01	   1.5094275e+00	   1.2587625e+00	
   6.7111100e+01	   9.9872946e-01	   1.2587625e+00	
   6.0944400e+01	   1.2290286e+00	   1.2344872e+00	
   6.0944400e+01	   1.6457603e+00	   1.2344872e+00	
   1.0012200e+02	   1.2151953e+00	   1.4206801e+00	
   9.5966700e+01	   1.6336937e+00	   1.3955858e+00	
   6.5000000e+01	   1.1917287e+00	   1.2503250e+00	
   6.5000000e+01	   1.4290278e+00	   1.2503250e+00	
   5.9800000e+01	   1.2055287e+00	   1.2300995e+00	
   5.7922200e+01	   1.2123953e+00	   1.2229717e+00	
   7.1533300e+01	   1.4058612e+00	   1.2769223e+00	
   7.1533300e+01	   1.1080957e+00	   1.2769223e+00	
   5.7255600e+01	   1.3132282e+00	   1.2204621e+00	
   5.7255600e+01	   1.6360603e+00	   1.2204621e+00	
   9.8822200e+01	   1.2087620e+00	   1.4126082e+00	
   1.0041100e+02	   1.1475289e+00	   1.4225043e+00	
   1.0136700e+02	   1.0471293e+00	   1.4286178e+00	
   1.0431100e+02	   1.1939954e+00	   1.4482620e+00	
   1.0431100e+02	   1.0465293e+00	   1.4482620e+00	
   7.4744400e+01	   9.2089643e-01	   1.2905731e+00	
   6.4166700e+01	   1.3393615e+00	   1.2470323e+00	
   6.4166700e+01	   1.3128616e+00	   1.2470323e+00	
   5.5755600e+01	   1.2131286e+00	   1.2148529e+00	
   6.0033300e+01	   1.1371289e+00	   1.2309912e+00	
   6.0033300e+01	   1.1077290e+00	   1.2309912e+00	
   1.0130000e+02	   1.0864625e+00	   1.4281853e+00	
   1.0130000e+02	   1.3322948e+00	   1.4281853e+00	
   1.0142200e+02	   1.1135957e+00	   1.4289733e+00	
   1.0142200e+02	   1.2372952e+00	   1.4289733e+00	
   6.1388900e+01	   1.2228619e+00	   1.2362007e+00	
   6.1388900e+01	   1.1396289e+00	   1.2362007e+00	
   6.4233300e+01	   1.0995957e+00	   1.2472947e+00	
   6.4233300e+01	   1.3303615e+00	   1.2472947e+00	
   6.7800000e+01	   1.3006950e+00	   1.2615468e+00	
   6.7800000e+01	   1.4165612e+00	   1.2615468e+00	
   1.0090000e+02	   9.1132980e-01	   1.4256160e+00	
   1.0090000e+02	   1.3733613e+00	   1.4256160e+00	
   9.5822200e+01	   1.0215960e+00	   1.3947487e+00	
   5.8944400e+01	   1.2317286e+00	   1.2268409e+00	
   5.8355600e+01	   1.3147616e+00	   1.2246091e+00	
   5.8355600e+01	   1.2224286e+00	   1.2246091e+00	
   7.0244400e+01	   1.4508944e+00	   1.2715572e+00	
   7.0244400e+01	   1.3350282e+00	   1.2715572e+00	
   5.9855600e+01	   1.1172957e+00	   1.2303119e+00	
   5.9855600e+01	   1.3237282e+00	   1.2303119e+00	
   9.6155600e+01	   1.1255956e+00	   1.3966835e+00	
   9.9944400e+01	   1.3000283e+00	   1.4195645e+00	
   6.5822200e+01	   1.3021283e+00	   1.2535945e+00	
   6.5822200e+01	   1.2254619e+00	   1.2535945e+00	
   6.8066700e+01	   1.3419948e+00	   1.2626290e+00	
   6.4444400e+01	   1.4495277e+00	   1.2481273e+00	
   9.5911100e+01	   1.3970279e+00	   1.3952634e+00	
   9.5911100e+01	   1.2417952e+00	   1.3952634e+00	
   7.4411100e+01	   1.1113957e+00	   1.2891363e+00	
   7.4411100e+01	   1.2257619e+00	   1.2891363e+00	
   1.0376700e+02	   8.9262987e-01	   1.4445342e+00	
   1.0368900e+02	   1.2259286e+00	   1.4440034e+00	
   1.0368900e+02	   1.4367278e+00	   1.4440034e+00	
   5.7533300e+01	   1.0211960e+00	   1.2215063e+00	
   9.7366700e+01	   1.4137612e+00	   1.4038146e+00	
   9.7366700e+01	   1.6026271e+00	   1.4038146e+00	
   5.8644400e+01	   1.6247937e+00	   1.2257027e+00	
   7.0200000e+01	   1.0001628e+00	   1.2713735e+00	
   5.7744400e+01	   1.6106604e+00	   1.2223013e+00	
   5.7744400e+01	   1.2091953e+00	   1.2223013e+00	
   9.5533300e+01	   1.0287293e+00	   1.3930817e+00	
   9.5533300e+01	   1.4250945e+00	   1.3930817e+00	
   9.7633300e+01	   1.0960291e+00	   1.4054067e+00	
   9.7633300e+01	   1.4348944e+00	   1.4054067e+00	
   5.9144400e+01	   1.2285952e+00	   1.2276010e+00	
   6.4988900e+01	   1.3968279e+00	   1.2502810e+00	
   1.0012200e+02	   1.2121953e+00	   1.4206801e+00	
   1.0012200e+02	   1.2264619e+00	   1.4206801e+00	
   6.2422200e+01	   1.3165949e+00	   1.2402047e+00	
   6.2422200e+01	   1.5115275e+00	   1.2402047e+00	
   1.0191100e+02	   1.1346623e+00	   1.4321526e+00	
   1.0191100e+02	   1.0393960e+00	   1.4321526e+00	
   7.9911100e+01	   1.2239953e+00	   1.3135039e+00	
   7.9911100e+01	   1.1472289e+00	   1.3135039e+00	
   1.0238900e+02	   1.1278623e+00	   1.4352930e+00	
   1.0238900e+02	   1.2352952e+00	   1.4352930e+00	
   5.7988900e+01	   1.3182282e+00	   1.2232234e+00	
   5.7988900e+01	   1.1217290e+00	   1.2232234e+00	
   5.8777800e+01	   1.1124957e+00	   1.2262086e+00	
   5.8777800e+01	   1.1192290e+00	   1.2262086e+00	
   1.0396700e+02	   1.0158627e+00	   1.4458993e+00	
   1.0396700e+02	   1.1467622e+00	   1.4458993e+00	
   6.7911100e+01	   1.2126286e+00	   1.2619973e+00	
   6.7911100e+01	   1.3433281e+00	   1.2619973e+00	
   1.0096700e+02	   9.1506312e-01	   1.4260448e+00	
   1.0096700e+02	   1.1316956e+00	   1.4260448e+00	
   6.6333300e+01	   1.2324619e+00	   1.2556375e+00	
   6.6333300e+01	   1.1139290e+00	   1.2556375e+00	
   5.8522200e+01	   1.2113286e+00	   1.2252397e+00	
   6.5655600e+01	   1.1446956e+00	   1.2529303e+00	
   9.8300000e+01	   1.1932287e+00	   1.4094243e+00	
   9.8300000e+01	   1.6278604e+00	   1.4094243e+00	
   6.4566700e+01	   8.9559653e-01	   1.2486103e+00	
   5.6255600e+01	   1.6165937e+00	   1.2167169e+00	
   5.4233300e+01	   1.1934287e+00	   1.2092122e+00	
   1.0505600e+02	   1.0912958e+00	   1.4534435e+00	
   8.8755600e+01	   1.4063279e+00	   1.3562689e+00	
   8.8755600e+01	   1.5372274e+00	   1.3562689e+00	
   6.9288900e+01	   8.8969655e-01	   1.2676192e+00	
   9.4933300e+01	   1.1152290e+00	   1.3896476e+00	
   9.4933300e+01	   1.0509293e+00	   1.3896476e+00	
   8.4522200e+01	   1.3298948e+00	   1.3351685e+00	
   6.8488900e+01	   1.4529610e+00	   1.2643470e+00	
   9.7477800e+01	   1.0455959e+00	   1.4044771e+00	
   9.7477800e+01	   1.2306952e+00	   1.4044771e+00	
   1.0301100e+02	   1.2957950e+00	   1.4394292e+00	
   1.0301100e+02	   1.1626288e+00	   1.4394292e+00	
   6.1933300e+01	   1.0388626e+00	   1.2383066e+00	
   6.5600000e+01	   7.1643056e-01	   1.2527089e+00	
   6.1933300e+01	   2.5653901e+00	   1.2383066e+00	
   9.3633300e+01	   1.2074620e+00	   1.3823325e+00	
   9.3633300e+01	   1.1247956e+00	   1.3823325e+00	
   6.1777800e+01	   1.1501289e+00	   1.2377042e+00	
   6.1777800e+01	   1.3301948e+00	   1.2377042e+00	
   9.9577800e+01	   1.1154623e+00	   1.4172746e+00	
   9.9577800e+01	   1.5210941e+00	   1.4172746e+00	
   5.5855600e+01	   1.1104624e+00	   1.2152252e+00	
   9.8688900e+01	   1.3582281e+00	   1.4117923e+00	
   9.8688900e+01	   2.3321910e+00	   1.4117923e+00	
   9.7622200e+01	   9.1032980e-01	   1.4053402e+00	
   1.1978900e+02	   9.1849644e-01	   1.5796439e+00	
   1.1578900e+02	   1.1142957e+00	   1.5400322e+00	
   1.1578900e+02	   1.2418619e+00	   1.5400322e+00	
   1.1385600e+02	   1.3138282e+00	   1.5225211e+00	
   1.1385600e+02	   1.3373615e+00	   1.5225211e+00	
   7.3677800e+01	   1.3235949e+00	   1.2859918e+00	
   7.3677800e+01	   1.5118608e+00	   1.2859918e+00	
   7.3833300e+01	   1.5332941e+00	   1.2866567e+00	
   7.3833300e+01	   1.5427607e+00	   1.2866567e+00	
   1.2206700e+02	   1.2656284e+00	   1.6045278e+00	
   1.2206700e+02	   1.4039279e+00	   1.6045278e+00	
   8.8288900e+01	   1.1085290e+00	   1.3538788e+00	
   8.8288900e+01	   1.3688947e+00	   1.3538788e+00	
   8.4377800e+01	   1.2332619e+00	   1.3344705e+00	
   1.1330000e+02	   1.1420622e+00	   1.5176613e+00	
   1.1330000e+02	   1.6592269e+00	   1.5176613e+00	
   7.7466700e+01	   1.2048620e+00	   1.3024947e+00	
   7.7466700e+01	   1.5142941e+00	   1.3024947e+00	
   7.1933300e+01	   1.2205619e+00	   1.2786002e+00	
   6.8322200e+01	   1.1110290e+00	   1.2636679e+00	
   1.1745600e+02	   1.5078275e+00	   1.5559545e+00	
   1.1318900e+02	   1.5485607e+00	   1.5167001e+00	
   7.6200000e+01	   1.0258627e+00	   1.2969052e+00	
   7.6200000e+01	   1.0553626e+00	   1.2969052e+00	
   6.9888900e+01	   1.2068620e+00	   1.2700882e+00	
   6.9888900e+01	   1.4134945e+00	   1.2700882e+00	
   8.2044400e+01	   1.1258623e+00	   1.3233719e+00	
   6.7277800e+01	   1.5382274e+00	   1.2594348e+00	
   6.7255600e+01	   1.2971616e+00	   1.2593452e+00	
   6.7255600e+01	   1.3532614e+00	   1.2593452e+00	
   1.1568900e+02	   1.1258290e+00	   1.5391019e+00	
   1.1568900e+02	   1.0345627e+00	   1.5391019e+00	
   1.1804400e+02	   1.2013620e+00	   1.5617648e+00	
   1.1804400e+02	   1.1592622e+00	   1.5617648e+00	
   1.2247800e+02	   1.1230956e+00	   1.6092175e+00	
   1.2247800e+02	   1.7524599e+00	   1.6092175e+00	
   8.8133300e+01	   1.2148286e+00	   1.3530856e+00	
   7.5355600e+01	   1.3214615e+00	   1.2932204e+00	
   6.5200000e+01	   1.0348960e+00	   1.2511184e+00	
   7.0500000e+01	   1.3360948e+00	   1.2726162e+00	
   7.0500000e+01	   1.1630955e+00	   1.2726162e+00	
   9.8466700e+01	   1.0342293e+00	   1.4104371e+00	
   1.1857800e+02	   1.2487618e+00	   1.5671332e+00	
   1.1847800e+02	   1.2019620e+00	   1.5661212e+00	
   1.1847800e+02	   1.4314278e+00	   1.5661212e+00	
   7.1144400e+01	   1.6356937e+00	   1.2752969e+00	
   7.1144400e+01	   1.8384929e+00	   1.2752969e+00	
   7.4411100e+01	   1.2208619e+00	   1.2891363e+00	
   7.8577800e+01	   1.5219941e+00	   1.3074614e+00	
   7.0111100e+01	   1.4188945e+00	   1.2710058e+00	
   1.1708900e+02	   1.2147620e+00	   1.5523803e+00	
   1.1708900e+02	   1.2694617e+00	   1.5523803e+00	
   6.8188900e+01	   1.1351289e+00	   1.2631256e+00	
   1.1064400e+02	   1.4327944e+00	   1.4954502e+00	
   6.8355600e+01	   1.3281949e+00	   1.2638039e+00	
   6.8355600e+01	   1.1190957e+00	   1.2638039e+00	
   8.0744400e+01	   1.0278293e+00	   1.3173284e+00	
   8.0744400e+01	   1.4402278e+00	   1.3173284e+00	
   7.0522200e+01	   1.4381611e+00	   1.2727083e+00	
   6.3111100e+01	   1.4296945e+00	   1.2428905e+00	
   1.1297800e+02	   1.2077287e+00	   1.5148813e+00	
   1.1297800e+02	   1.3553281e+00	   1.5148813e+00	
   7.7188900e+01	   1.2440285e+00	   1.3012624e+00	
   7.7188900e+01	   1.2595951e+00	   1.3012624e+00	
   7.9800000e+01	   1.5379274e+00	   1.3129969e+00	
   7.3777800e+01	   1.4234945e+00	   1.2864193e+00	
   1.1141100e+02	   1.3264949e+00	   1.5017003e+00	
   1.1141100e+02	   1.4519944e+00	   1.5017003e+00	
   8.5733300e+01	   1.2260286e+00	   1.3410767e+00	
   1.2120000e+02	   9.4169635e-01	   1.5948402e+00	
   1.2210000e+02	   9.9489614e-01	   1.6049020e+00	
   1.1347800e+02	   1.1252623e+00	   1.5192088e+00	
   6.6844400e+01	   1.3127949e+00	   1.2576888e+00	
   6.8911100e+01	   1.2371285e+00	   1.2660711e+00	
   6.8911100e+01	   1.5273607e+00	   1.2660711e+00	
   8.1488900e+01	   1.2325619e+00	   1.3207777e+00	
   8.1488900e+01	   1.1364289e+00	   1.3207777e+00	
   6.7622200e+01	   1.3130616e+00	   1.2608267e+00	
   6.7622200e+01	   1.4187278e+00	   1.2608267e+00	
   1.1235600e+02	   1.1984287e+00	   1.5095813e+00	
   1.1235600e+02	   1.3425281e+00	   1.5095813e+00	
   1.1355600e+02	   1.1446956e+00	   1.5198894e+00	
   1.1355600e+02	   1.3435281e+00	   1.5198894e+00	
   6.8655600e+01	   1.2126953e+00	   1.2650270e+00	
   7.5344400e+01	   1.2085286e+00	   1.2931717e+00	
   1.1582200e+02	   1.0310293e+00	   1.5403397e+00	
   1.1582200e+02	   1.4493277e+00	   1.5403397e+00	
   7.2766700e+01	   1.0163294e+00	   1.2821161e+00	
   7.2766700e+01	   1.5520607e+00	   1.2821161e+00	
   6.6777800e+01	   1.3584947e+00	   1.2574210e+00	
   1.1951100e+02	   1.2299952e+00	   1.5767297e+00	
   1.1951100e+02	   1.1440289e+00	   1.5767297e+00	
   9.3311100e+01	   1.3259949e+00	   1.3805451e+00	
   9.3311100e+01	   1.5206941e+00	   1.3805451e+00	
   1.1954400e+02	   1.1274290e+00	   1.5770742e+00	
   1.1954400e+02	   1.3660280e+00	   1.5770742e+00	
   6.7333300e+01	   1.5565940e+00	   1.2596588e+00	
   6.7333300e+01	   1.2247953e+00	   1.2596588e+00	
   6.7877800e+01	   1.0751958e+00	   1.2618622e+00	
   6.7877800e+01	   1.1255956e+00	   1.2618622e+00	
   1.2020000e+02	   1.1109290e+00	   1.5839996e+00	
   1.2020000e+02	   1.3880946e+00	   1.5839996e+00	
   7.8911100e+01	   1.3116949e+00	   1.3089633e+00	
   7.8911100e+01	   1.3441948e+00	   1.3089633e+00	
   1.1776700e+02	   1.1343956e+00	   1.5590146e+00	
   1.1776700e+02	   1.2361952e+00	   1.5590146e+00	
   7.6388900e+01	   1.3280615e+00	   1.2977340e+00	
   6.8255600e+01	   1.6327270e+00	   1.2633969e+00	
   7.6177800e+01	   1.2146953e+00	   1.2968079e+00	
   7.6177800e+01	   9.5752962e-01	   1.2968079e+00	
   1.1454400e+02	   1.3794613e+00	   1.5286420e+00	
   1.1454400e+02	   1.5304274e+00	   1.5286420e+00	
   6.5311100e+01	   1.1351289e+00	   1.2515597e+00	
   7.4488900e+01	   2.1670916e+00	   1.2894712e+00	
   6.3288900e+01	   1.2166953e+00	   1.2435859e+00	
   1.2155600e+02	   9.5876295e-01	   1.5987849e+00	
   1.2155600e+02	   1.5376940e+00	   1.5987849e+00	
   1.0278900e+02	   1.0301293e+00	   1.4379464e+00	
   1.0278900e+02	   1.5622939e+00	   1.4379464e+00	
   8.0866700e+01	   1.0112294e+00	   1.3178929e+00	
   1.1236700e+02	   1.3160616e+00	   1.5096742e+00	
   1.1236700e+02	   2.0436587e+00	   1.5096742e+00	
   8.0688900e+01	   1.3332948e+00	   1.3170725e+00	
   1.1326700e+02	   1.2308619e+00	   1.5173752e+00	
   1.1326700e+02	   1.1703955e+00	   1.5173752e+00	
   1.2070000e+02	   1.1301956e+00	   1.5893763e+00	
   1.2070000e+02	   1.2594285e+00	   1.5893763e+00	
   7.2533300e+01	   1.5294274e+00	   1.2811286e+00	
   7.2533300e+01	   1.7459599e+00	   1.2811286e+00	
   1.1962200e+02	   1.0207960e+00	   1.5778902e+00	
   1.0993300e+02	   1.2685951e+00	   1.4897690e+00	
   7.1277800e+01	   9.0996314e-01	   1.2758538e+00	
   7.1277800e+01	   1.6546269e+00	   1.2758538e+00	
   7.1277800e+01	   1.6333603e+00	   1.2758538e+00	
   1.1554400e+02	   1.2301952e+00	   1.5377579e+00	
   1.1554400e+02	   1.5425607e+00	   1.5377579e+00	
   6.4922200e+01	   1.5179274e+00	   1.2500167e+00	
   1.1366700e+02	   1.2666284e+00	   1.5208605e+00	
   1.1366700e+02	   2.5373568e+00	   1.5208605e+00	
   1.1453300e+02	   1.0122627e+00	   1.5285432e+00	
   8.3655600e+01	   1.1570288e+00	   1.3309995e+00	
   8.2133300e+01	   1.0637959e+00	   1.3237887e+00	
   8.2133300e+01	   1.3255949e+00	   1.3237887e+00	
   8.0288900e+01	   1.2152286e+00	   1.3152332e+00	
   8.0288900e+01	   1.4647610e+00	   1.3152332e+00	
   8.5466700e+01	   1.4488277e+00	   1.3397677e+00	
   8.5466700e+01	   1.4514610e+00	   1.3397677e+00	
   8.7277800e+01	   1.4497944e+00	   1.3487572e+00	
   8.6122200e+01	   1.5476607e+00	   1.3429948e+00	
   8.3733300e+01	   1.3140949e+00	   1.3313714e+00	
   8.2233300e+01	   1.1317623e+00	   1.3242581e+00	
   8.2233300e+01	   1.2822284e+00	   1.3242581e+00	
   7.8144400e+01	   1.2179619e+00	   1.3055168e+00	
   8.3500000e+01	   1.1527955e+00	   1.3302560e+00	
   8.2733300e+01	   1.2442952e+00	   1.3266141e+00	
   8.2733300e+01	   1.5314274e+00	   1.3266141e+00	
   8.3066700e+01	   1.4344611e+00	   1.3281934e+00	
   8.3066700e+01	   1.3508281e+00	   1.3281934e+00	
   8.6000000e+01	   1.2175953e+00	   1.3423910e+00	
   8.6000000e+01	   1.2562951e+00	   1.3423910e+00	
   8.3333300e+01	   1.2390285e+00	   1.3294611e+00	
   8.3333300e+01	   1.6317603e+00	   1.3294611e+00	
   9.3300000e+01	   1.3107283e+00	   1.3804837e+00	
   9.3300000e+01	   1.3711947e+00	   1.3804837e+00	
   8.9211100e+01	   1.2590951e+00	   1.3586179e+00	
   8.9211100e+01	   1.6249604e+00	   1.3586179e+00	
   8.6411100e+01	   1.1273623e+00	   1.3444266e+00	
   8.6411100e+01	   1.2378619e+00	   1.3444266e+00	
   8.4911100e+01	   1.5133941e+00	   1.3370551e+00	
   8.2455600e+01	   1.2039953e+00	   1.3253037e+00	
   7.9566700e+01	   1.2117286e+00	   1.3119342e+00	
   8.0744400e+01	   1.2178286e+00	   1.3173284e+00	
   8.0744400e+01	   1.3883946e+00	   1.3173284e+00	
   8.4311100e+01	   1.1433956e+00	   1.3341485e+00	
   8.4311100e+01	   1.7266266e+00	   1.3341485e+00	
   8.1055600e+01	   1.6392603e+00	   1.3187664e+00	
   8.1055600e+01	   1.3329948e+00	   1.3187664e+00	
   8.4655600e+01	   1.4101279e+00	   1.3358145e+00	
   8.6244400e+01	   1.4425611e+00	   1.3435997e+00	
   8.1111100e+01	   1.2708951e+00	   1.3190234e+00	
   8.1111100e+01	   1.8247929e+00	   1.3190234e+00	
   8.1633300e+01	   1.2373619e+00	   1.3214503e+00	
   8.1633300e+01	   1.4654610e+00	   1.3214503e+00	
   8.8600000e+01	   1.3499281e+00	   1.3554701e+00	
   8.8600000e+01	   1.6543936e+00	   1.3554701e+00	
   8.8988900e+01	   1.5457273e+00	   1.3574700e+00	
   8.7844400e+01	   1.4222612e+00	   1.3516178e+00	
   8.3088900e+01	   8.2136348e-01	   1.3282988e+00	
   8.5611100e+01	   1.5276274e+00	   1.3404761e+00	
   8.4044400e+01	   1.2283619e+00	   1.3328640e+00	
   8.4044400e+01	   1.2640284e+00	   1.3328640e+00	
   7.9011100e+01	   1.1135957e+00	   1.3094150e+00	
   7.9011100e+01	   1.4649943e+00	   1.3094150e+00	
   8.3788900e+01	   1.4545277e+00	   1.3316377e+00	
   8.3788900e+01	   1.4231278e+00	   1.3316377e+00	
   8.4133300e+01	   1.5445273e+00	   1.3332917e+00	
   8.3911100e+01	   1.6666935e+00	   1.3322237e+00	
   8.7233300e+01	   1.4436277e+00	   1.3485335e+00	
   8.4366700e+01	   1.1281956e+00	   1.3344169e+00	
   8.6877800e+01	   1.2042287e+00	   1.3467518e+00	
   8.6877800e+01	   1.2792617e+00	   1.3467518e+00	
   8.0588900e+01	   1.1176623e+00	   1.3166118e+00	
   8.0588900e+01	   1.4039946e+00	   1.3166118e+00	
   8.3222200e+01	   1.4449277e+00	   1.3289323e+00	
   8.3222200e+01	   1.4460944e+00	   1.3289323e+00	
   8.6177800e+01	   1.4217278e+00	   1.3432699e+00	
   8.6177800e+01	   1.4413277e+00	   1.3432699e+00	
   8.6288900e+01	   1.1131624e+00	   1.3438203e+00	
   8.6388900e+01	   1.0019628e+00	   1.3443163e+00	
   8.2488900e+01	   1.2211619e+00	   1.3254606e+00	
   8.2488900e+01	   1.3664280e+00	   1.3254606e+00	
   8.2288900e+01	   1.5336941e+00	   1.3245194e+00	
   8.2288900e+01	   1.7590932e+00	   1.3245194e+00	
   8.3088900e+01	   1.4194612e+00	   1.3282988e+00	
   8.3088900e+01	   1.4283611e+00	   1.3282988e+00	
   8.4322200e+01	   1.1229956e+00	   1.3342021e+00	
   8.4322200e+01	   1.5399940e+00	   1.3342021e+00	
   8.5500000e+01	   1.3171282e+00	   1.3399309e+00	
   8.8111100e+01	   1.3871613e+00	   1.3529726e+00	
   8.2877800e+01	   9.0592982e-01	   1.3272977e+00	
   8.6344400e+01	   1.2174953e+00	   1.3440955e+00	
   8.6344400e+01	   1.2930283e+00	   1.3440955e+00	
   8.3833300e+01	   1.5401274e+00	   1.3318505e+00	
   8.3833300e+01	   1.5730606e+00	   1.3318505e+00	
   8.2611100e+01	   1.5363940e+00	   1.3260369e+00	
   8.2611100e+01	   1.4360278e+00	   1.3260369e+00	
   8.0700000e+01	   1.1737621e+00	   1.3171236e+00	
   8.0700000e+01	   1.3178616e+00	   1.3171236e+00	
   8.2888900e+01	   1.4853609e+00	   1.3273503e+00	
   8.2888900e+01	   1.5569606e+00	   1.3273503e+00	
   8.5277800e+01	   1.3535281e+00	   1.3388431e+00	
   8.5277800e+01	   1.2960950e+00	   1.3388431e+00	
   8.2622200e+01	   1.3502948e+00	   1.3260893e+00	
   8.2622200e+01	   1.5137275e+00	   1.3260893e+00	
   8.6988900e+01	   1.3162949e+00	   1.3473077e+00	
   8.6988900e+01	   1.5473607e+00	   1.3473077e+00	
   8.7944400e+01	   1.2487618e+00	   1.3521252e+00	
   8.7944400e+01	   1.9443591e+00	   1.3521252e+00	
   8.9566700e+01	   1.2257286e+00	   1.3604632e+00	
   8.1811100e+01	   1.3035949e+00	   1.3222802e+00	
   8.1811100e+01	   1.2622284e+00	   1.3222802e+00	
   8.4188900e+01	   1.4123945e+00	   1.3335594e+00	
   8.4188900e+01	   1.4551610e+00	   1.3335594e+00	
   7.6788900e+01	   1.2124620e+00	   1.2994944e+00	
   7.6788900e+01	   1.8638928e+00	   1.2994944e+00	
   8.3900000e+01	   1.3243615e+00	   1.3321705e+00	
   8.5288900e+01	   1.4470277e+00	   1.3388974e+00	
   8.4633300e+01	   1.1303623e+00	   1.3357065e+00	
   8.5044400e+01	   1.2573951e+00	   1.3377040e+00	
   8.5044400e+01	   1.4297278e+00	   1.3377040e+00	
   8.7022200e+01	   1.1554622e+00	   1.3474745e+00	
   8.7022200e+01	   1.2926283e+00	   1.3474745e+00	
   8.7877800e+01	   1.3310615e+00	   1.3517872e+00	
   7.7000000e+01	   1.1548622e+00	   1.3004265e+00	
   8.6588900e+01	   1.1474622e+00	   1.3453106e+00	
   8.6588900e+01	   1.7192267e+00	   1.3453106e+00	
   8.4444400e+01	   1.5205941e+00	   1.3347923e+00	
   8.4444400e+01	   1.9474591e+00	   1.3347923e+00	
   7.8400000e+01	   1.3124282e+00	   1.3066625e+00	
   7.8400000e+01	   1.3555947e+00	   1.3066625e+00	
   8.2566700e+01	   1.3377615e+00	   1.3258274e+00	
   8.2566700e+01	   1.3232949e+00	   1.3258274e+00	
   7.9455600e+01	   1.4411944e+00	   1.3114292e+00	
   7.9455600e+01	   1.3421948e+00	   1.3114292e+00	
   8.2533300e+01	   1.3159616e+00	   1.3256699e+00	
   8.2533300e+01	   2.0634587e+00	   1.3256699e+00	
   8.7966700e+01	   1.1204623e+00	   1.3522384e+00	
   8.2644400e+01	   1.3448948e+00	   1.3261941e+00	
   8.2644400e+01	   1.2428952e+00	   1.3261941e+00	
   7.7711100e+01	   1.2782950e+00	   1.3035820e+00	
   8.3933300e+01	   1.4232612e+00	   1.3323303e+00	
   8.4000000e+01	   1.5624939e+00	   1.3326506e+00	
   8.4000000e+01	   1.6611602e+00	   1.3326506e+00	
   8.2044400e+01	   1.0550959e+00	   1.3233719e+00	
   8.2044400e+01	   1.4212945e+00	   1.3233719e+00	
   8.3811100e+01	   1.5557606e+00	   1.3317441e+00	
   8.8688900e+01	   1.5421274e+00	   1.3559262e+00	
   8.0911100e+01	   1.1158957e+00	   1.3180980e+00	
   8.0911100e+01	   1.3995946e+00	   1.3180980e+00	
   8.0566700e+01	   9.0589649e-01	   1.3165096e+00	
   9.3155600e+01	   1.0375293e+00	   1.3796860e+00	
   9.0833300e+01	   1.5626606e+00	   1.3671199e+00	
   8.8444400e+01	   1.4530610e+00	   1.3546733e+00	
   8.8444400e+01	   1.7467266e+00	   1.3546733e+00	
   9.5222200e+01	   1.5485607e+00	   1.3912965e+00	
   9.7488900e+01	   1.5204608e+00	   1.4045434e+00	
   9.6222200e+01	   1.5438273e+00	   1.3970714e+00	
   9.6222200e+01	   1.1568955e+00	   1.3970714e+00	
   9.0655600e+01	   1.2302952e+00	   1.3661779e+00	
   9.0655600e+01	   1.2880950e+00	   1.3661779e+00	
   8.6877800e+01	   1.4245945e+00	   1.3467518e+00	
   8.6877800e+01	   1.5074608e+00	   1.3467518e+00	
   9.2188900e+01	   1.3287282e+00	   1.3743961e+00	
   9.2188900e+01	   1.5842605e+00	   1.3743961e+00	
   9.0911100e+01	   1.2443952e+00	   1.3675331e+00	
   9.0911100e+01	   1.5528940e+00	   1.3675331e+00	
   9.6688900e+01	   1.6588936e+00	   1.3998035e+00	
   9.5222200e+01	   1.1370289e+00	   1.3912965e+00	
   9.2244400e+01	   1.3511948e+00	   1.3746975e+00	
   9.2244400e+01	   1.3651614e+00	   1.3746975e+00	
   8.6400000e+01	   1.5861939e+00	   1.3443715e+00	
   1.0330000e+02	   1.9354258e+00	   1.4413705e+00	
   9.9088900e+01	   1.1516289e+00	   1.4142471e+00	
   9.9088900e+01	   1.7703265e+00	   1.4142471e+00	
   9.4900000e+01	   1.6545936e+00	   1.3894581e+00	
   9.3544400e+01	   1.5639606e+00	   1.3818383e+00	
   8.9877800e+01	   1.0723958e+00	   1.3620859e+00	
   8.9388900e+01	   1.1170623e+00	   1.3595393e+00	
   8.9388900e+01	   1.1858621e+00	   1.3595393e+00	
   8.9577800e+01	   1.4282278e+00	   1.3605210e+00	
   8.9577800e+01	   1.3754613e+00	   1.3605210e+00	
   9.1877800e+01	   1.4209278e+00	   1.3727119e+00	
   9.1877800e+01	   1.4023612e+00	   1.3727119e+00	
   8.8322200e+01	   1.1652288e+00	   1.3540488e+00	
   8.8322200e+01	   1.4654277e+00	   1.3540488e+00	
   9.3888900e+01	   1.3516281e+00	   1.3837576e+00	
   9.5333300e+01	   1.3581281e+00	   1.3919328e+00	
   8.9122200e+01	   1.1164290e+00	   1.3581582e+00	
   8.9122200e+01	   1.6956601e+00	   1.3581582e+00	
   9.1044400e+01	   1.2336619e+00	   1.3682424e+00	
   9.1044400e+01	   1.5606606e+00	   1.3682424e+00	
   9.8622200e+01	   1.3833946e+00	   1.4113849e+00	
   9.8333300e+01	   1.5744606e+00	   1.4096264e+00	
   9.6088900e+01	   1.5529940e+00	   1.3962954e+00	
   9.6088900e+01	   1.5481273e+00	   1.3962954e+00	
   9.5055600e+01	   1.1485289e+00	   1.3903446e+00	
   9.2422200e+01	   1.2473952e+00	   1.3756649e+00	
   9.2422200e+01	   1.4677276e+00	   1.3756649e+00	
   8.8566700e+01	   1.1384623e+00	   1.3552994e+00	
   8.8566700e+01	   1.7044267e+00	   1.3552994e+00	
   9.2633300e+01	   1.6579936e+00	   1.3768172e+00	
   9.2988900e+01	   1.2489618e+00	   1.3787676e+00	
   9.2422200e+01	   1.5700272e+00	   1.3756649e+00	
   9.2422200e+01	   1.7655598e+00	   1.3756649e+00	
   9.7400000e+01	   1.3351282e+00	   1.4040131e+00	
   9.3488900e+01	   8.5326336e-01	   1.3815302e+00	
   9.5877800e+01	   1.4136612e+00	   1.3950705e+00	
   9.5877800e+01	   1.3672947e+00	   1.3950705e+00	
   8.9277800e+01	   1.4462277e+00	   1.3589633e+00	
   8.9277800e+01	   1.4897942e+00	   1.3589633e+00	
   9.1566700e+01	   1.3349615e+00	   1.3710364e+00	
   9.1566700e+01	   1.2722284e+00	   1.3710364e+00	
   9.5577800e+01	   1.3168282e+00	   1.3933379e+00	
   9.5577800e+01	   1.3732613e+00	   1.3933379e+00	
   9.6277800e+01	   2.1330584e+00	   1.3973957e+00	
   9.1277800e+01	   1.3424615e+00	   1.3694880e+00	
   9.1277800e+01	   1.5952605e+00	   1.3694880e+00	
   9.1655600e+01	   1.2547618e+00	   1.3715143e+00	
   9.1655600e+01	   1.6296937e+00	   1.3715143e+00	
   8.6955600e+01	   1.2173953e+00	   1.3471410e+00	
   9.2633300e+01	   1.2817950e+00	   1.3768172e+00	
   9.3411100e+01	   1.0409293e+00	   1.3810988e+00	
   9.3411100e+01	   1.6630269e+00	   1.3810988e+00	
   9.4455600e+01	   1.4609277e+00	   1.3869400e+00	
   9.1755600e+01	   9.0806315e-01	   1.3720527e+00	
   9.5888900e+01	   1.1258290e+00	   1.3951348e+00	
   9.5888900e+01	   1.6031605e+00	   1.3951348e+00	
   9.2900000e+01	   1.3279282e+00	   1.3782789e+00	
   9.2900000e+01	   1.2763951e+00	   1.3782789e+00	
   9.2344400e+01	   1.3804613e+00	   1.3752412e+00	
   9.2344400e+01	   1.5490273e+00	   1.3752412e+00	
   8.9188900e+01	   1.5317941e+00	   1.3585031e+00	
   8.9188900e+01	   1.8029263e+00	   1.3585031e+00	
   9.1566700e+01	   1.4431944e+00	   1.3710364e+00	
   9.1566700e+01	   1.4407944e+00	   1.3710364e+00	
   9.4055600e+01	   1.1273623e+00	   1.3846904e+00	
   9.4055600e+01	   1.5942272e+00	   1.3846904e+00	
   9.0844400e+01	   1.4265278e+00	   1.3671788e+00	
   9.0844400e+01	   1.6046604e+00	   1.3671788e+00	
   9.7166700e+01	   1.6317603e+00	   1.4026257e+00	
   9.7166700e+01	   1.5783272e+00	   1.4026257e+00	
   9.7000000e+01	   1.2593618e+00	   1.4016381e+00	
   9.7000000e+01	   1.6945934e+00	   1.4016381e+00	
   9.9177800e+01	   1.0348293e+00	   1.4147954e+00	
   9.0977800e+01	   1.1316623e+00	   1.3678879e+00	
   9.7100000e+01	   1.3950613e+00	   1.4022302e+00	
   9.2488900e+01	   1.3207949e+00	   1.3760285e+00	
   9.2488900e+01	   1.2684618e+00	   1.3760285e+00	
   8.5588900e+01	   1.6646935e+00	   1.3403671e+00	
   8.5588900e+01	   1.8213263e+00	   1.3403671e+00	
   9.4711100e+01	   1.2759284e+00	   1.3883853e+00	
   9.4711100e+01	   1.5484607e+00	   1.3883853e+00	
   9.4377800e+01	   1.0324960e+00	   1.3865012e+00	
   9.4066700e+01	   1.1848621e+00	   1.3847526e+00	
   9.4066700e+01	   1.4128945e+00	   1.3847526e+00	
   9.5911100e+01	   1.9580924e+00	   1.3952634e+00	
   9.5911100e+01	   2.2851911e+00	   1.3952634e+00	
   9.5477800e+01	   1.2840617e+00	   1.3927625e+00	
   9.5477800e+01	   1.6303937e+00	   1.3927625e+00	
   9.4144400e+01	   1.4485944e+00	   1.3851884e+00	
   9.4144400e+01	   1.7438932e+00	   1.3851884e+00	
   8.7477800e+01	   1.2561285e+00	   1.3497643e+00	
   8.7477800e+01	   1.5208941e+00	   1.3497643e+00	
   9.1555600e+01	   1.2409285e+00	   1.3709767e+00	
   9.1555600e+01	   1.4854609e+00	   1.3709767e+00	
   8.8288900e+01	   1.2691284e+00	   1.3538788e+00	
   8.8288900e+01	   1.4196612e+00	   1.3538788e+00	
   9.2133300e+01	   1.4269278e+00	   1.3740945e+00	
   9.2133300e+01	   1.8774594e+00	   1.3740945e+00	
   9.7722200e+01	   1.3235949e+00	   1.4059394e+00	
   9.1433300e+01	   1.9556924e+00	   1.3703205e+00	
   9.3900000e+01	   1.1317956e+00	   1.3838196e+00	
   8.5555600e+01	   1.4966942e+00	   1.3402036e+00	
   9.2133300e+01	   1.3673614e+00	   1.3740945e+00	
   9.2133300e+01	   1.3342282e+00	   1.3740945e+00	
   9.0988900e+01	   1.5488273e+00	   1.3679469e+00	
   9.0988900e+01	   1.5095608e+00	   1.3679469e+00	
   9.0366700e+01	   2.3462242e+00	   1.3646521e+00	
   9.0022200e+01	   1.1088624e+00	   1.3628418e+00	
   1.4307800e+02	   1.2009287e+00	   1.9627876e+00	
   1.3513300e+02	   1.5231608e+00	   1.7925614e+00	
   1.3513300e+02	   1.7131267e+00	   1.7925614e+00	
   1.2496700e+02	   1.6964934e+00	   1.6390405e+00	
   1.2496700e+02	   1.7232933e+00	   1.6390405e+00	
   1.0445600e+02	   1.5344941e+00	   1.4492635e+00	
   1.0445600e+02	   1.6102271e+00	   1.4492635e+00	
   1.0766700e+02	   1.3663947e+00	   1.4723440e+00	
   1.0766700e+02	   1.5944272e+00	   1.4723440e+00	
   1.3887800e+02	   1.6086604e+00	   1.8659741e+00	
   1.1227800e+02	   1.5516940e+00	   1.5089231e+00	
   1.1227800e+02	   1.9097593e+00	   1.5089231e+00	
   1.4674400e+02	   1.6828935e+00	   2.0624773e+00	
   1.4674400e+02	   1.5334941e+00	   2.0624773e+00	
   1.0423300e+02	   1.5938272e+00	   1.4477247e+00	
   1.0423300e+02	   1.8076930e+00	   1.4477247e+00	
   1.0856700e+02	   1.0598292e+00	   1.4791447e+00	
   1.4297800e+02	   1.1546955e+00	   1.9602801e+00	
   1.4297800e+02	   1.4041612e+00	   1.9602801e+00	
   1.1543300e+02	   1.6800935e+00	   1.5367329e+00	
   1.1543300e+02	   1.8193263e+00	   1.5367329e+00	
   1.1230000e+02	   1.4828943e+00	   1.5091086e+00	
   1.1230000e+02	   1.8101263e+00	   1.5091086e+00	
   1.0885600e+02	   1.8667261e+00	   1.4813615e+00	
   1.0771100e+02	   1.6570936e+00	   1.4726730e+00	
   1.4053300e+02	   1.5737272e+00	   1.9021281e+00	
   1.3764400e+02	   1.4472611e+00	   1.8405588e+00	
   1.3764400e+02	   1.5914938e+00	   1.8405588e+00	
   1.2200000e+02	   2.0611587e+00	   1.6037694e+00	
   1.3075600e+02	   1.9173259e+00	   1.7193319e+00	
   1.0861100e+02	   1.6098938e+00	   1.4794812e+00	
   1.0861100e+02	   1.9935256e+00	   1.4794812e+00	
   1.0597800e+02	   1.0693959e+00	   1.4599826e+00	
   1.3402200e+02	   1.2375285e+00	   1.7727927e+00	
   1.3402200e+02	   1.8334929e+00	   1.7727927e+00	
   1.4025600e+02	   1.4618943e+00	   1.8959045e+00	
   1.4025600e+02	   1.7770931e+00	   1.8959045e+00	
   1.0633300e+02	   1.4908609e+00	   1.4625388e+00	
   1.0670000e+02	   1.4597277e+00	   1.4652046e+00	
   1.0911100e+02	   1.3924946e+00	   1.4833311e+00	
   1.0911100e+02	   1.6839935e+00	   1.4833311e+00	
   1.0640000e+02	   1.3448948e+00	   1.4630237e+00	
   1.4542200e+02	   1.2266619e+00	   2.0247125e+00	
   1.4542200e+02	   1.4608943e+00	   2.0247125e+00	
   1.4135600e+02	   1.5117608e+00	   1.9210449e+00	
   1.4135600e+02	   1.8151263e+00	   1.9210449e+00	
   1.0651100e+02	   1.3754947e+00	   1.4638288e+00	
   1.0651100e+02	   1.8028930e+00	   1.4638288e+00	
   1.0046700e+02	   1.5023942e+00	   1.4228590e+00	
   1.0046700e+02	   1.4246278e+00	   1.4228590e+00	
   1.0608900e+02	   1.1550622e+00	   1.4607795e+00	
   1.4062200e+02	   1.4366278e+00	   1.9041428e+00	
   1.4062200e+02	   1.3110283e+00	   1.9041428e+00	
   1.0777800e+02	   1.7079934e+00	   1.4731745e+00	
   1.4354400e+02	   1.6493603e+00	   1.9746127e+00	
   1.0066700e+02	   1.5141941e+00	   1.4241293e+00	
   1.2102200e+02	   1.3819946e+00	   1.5928849e+00	
   1.2102200e+02	   1.8736261e+00	   1.5928849e+00	
   1.4334400e+02	   9.2236309e-01	   1.9695090e+00	
   1.4414400e+02	   1.4220612e+00	   1.9901857e+00	
   1.4414400e+02	   1.3889946e+00	   1.9901857e+00	
   1.2914400e+02	   1.7876931e+00	   1.6952637e+00	
   1.2914400e+02	   1.6880935e+00	   1.6952637e+00	
   1.0914400e+02	   1.4902276e+00	   1.4835869e+00	
   1.0914400e+02	   1.4938609e+00	   1.4835869e+00	
   1.1502200e+02	   1.5166608e+00	   1.5329663e+00	
   1.1502200e+02	   1.5060608e+00	   1.5329663e+00	
   1.3617800e+02	   1.2641618e+00	   1.8119574e+00	
   1.3617800e+02	   1.5613606e+00	   1.8119574e+00	
   1.3720000e+02	   1.1979954e+00	   1.8317190e+00	
   1.3720000e+02	   1.5617273e+00	   1.8317190e+00	
   1.0604400e+02	   1.5652273e+00	   1.4604562e+00	
   1.0604400e+02	   1.2876283e+00	   1.4604562e+00	
   1.4536700e+02	   1.5399940e+00	   2.0231875e+00	
   1.4536700e+02	   1.7199933e+00	   2.0231875e+00	
   1.0361100e+02	   1.4811943e+00	   1.4434736e+00	
   1.0361100e+02	   1.4825609e+00	   1.4434736e+00	
   1.4355600e+02	   1.3982946e+00	   1.9749203e+00	
   1.4355600e+02	   1.6366603e+00	   1.9749203e+00	
   1.0641100e+02	   1.4822276e+00	   1.4631034e+00	
   1.0641100e+02	   1.7515265e+00	   1.4631034e+00	
   1.3943300e+02	   1.4659610e+00	   1.8778263e+00	
   1.3943300e+02	   1.3129949e+00	   1.8778263e+00	
   1.0311100e+02	   1.7071267e+00	   1.4400995e+00	
   1.0276700e+02	   2.1744582e+00	   1.4377999e+00	
   1.4611100e+02	   1.6858268e+00	   2.0441262e+00	
   1.4611100e+02	   1.5191608e+00	   2.0441262e+00	
   1.3573300e+02	   1.4682943e+00	   1.8036002e+00	
   1.3573300e+02	   1.6462270e+00	   1.8036002e+00	
   1.4597800e+02	   1.4878942e+00	   2.0403337e+00	
   1.4597800e+02	   1.5058608e+00	   2.0403337e+00	
   1.0560000e+02	   1.4810943e+00	   1.4572845e+00	
   1.0560000e+02	   1.3946613e+00	   1.4572845e+00	
   1.0334400e+02	   1.1220623e+00	   1.4416671e+00	
   1.0334400e+02	   1.3196949e+00	   1.4416671e+00	
   1.3660000e+02	   1.4145612e+00	   1.8200200e+00	
   1.0230000e+02	   1.6445936e+00	   1.4347058e+00	
   1.0128900e+02	   1.4514944e+00	   1.4281144e+00	
   1.0128900e+02	   1.4549610e+00	   1.4281144e+00	
   1.0678900e+02	   1.1454622e+00	   1.4658546e+00	
   1.4454400e+02	   1.2618284e+00	   2.0007905e+00	
   1.4454400e+02	   1.5929272e+00	   2.0007905e+00	
   1.0816700e+02	   2.1030918e+00	   1.4761032e+00	
   1.0816700e+02	   2.3121577e+00	   1.4761032e+00	
   1.4122200e+02	   1.2546951e+00	   1.9179207e+00	
   1.4122200e+02	   1.4984275e+00	   1.9179207e+00	
   1.0288900e+02	   1.4782943e+00	   1.4386134e+00	
   1.0288900e+02	   1.4801276e+00	   1.4386134e+00	
   1.4317800e+02	   1.5525940e+00	   1.9653056e+00	
   1.4317800e+02	   1.5877272e+00	   1.9653056e+00	
   1.2936700e+02	   2.4058573e+00	   1.6985087e+00	
   1.3226700e+02	   2.6544564e+00	   1.7432426e+00	
   1.1301100e+02	   1.0351627e+00	   1.5151650e+00	
   1.4048900e+02	   1.2784617e+00	   1.9011347e+00	
   1.4048900e+02	   1.8369595e+00	   1.9011347e+00	
   1.1240000e+02	   1.1594622e+00	   1.5099532e+00	
   1.0433300e+02	   2.0186255e+00	   1.4484137e+00	
   1.4384400e+02	   1.5636273e+00	   1.9823497e+00	
   1.4384400e+02	   1.5421274e+00	   1.9823497e+00	
   1.4341100e+02	   2.4948237e+00	   1.9712140e+00	
   1.4341100e+02	   2.4453239e+00	   1.9712140e+00	
   1.5432200e+02	   1.4747610e+00	   2.3268447e+00	
   1.4878900e+02	   1.5569940e+00	   2.1253334e+00	
   1.4878900e+02	   1.8627261e+00	   2.1253334e+00	
   1.3440000e+02	   1.6884935e+00	   1.7794230e+00	
   1.3440000e+02	   1.6569269e+00	   1.7794230e+00	
   1.1424400e+02	   1.5025942e+00	   1.5259582e+00	
   1.1424400e+02	   1.8572928e+00	   1.5259582e+00	
   1.1807800e+02	   1.7010601e+00	   1.5621040e+00	
   1.1807800e+02	   1.5194274e+00	   1.5621040e+00	
   1.5150000e+02	   1.6625936e+00	   2.2178647e+00	
   1.5150000e+02	   1.5840939e+00	   2.2178647e+00	
   1.2240000e+02	   1.9725590e+00	   1.6083226e+00	
   1.2240000e+02	   2.2268914e+00	   1.6083226e+00	
   1.5948900e+02	   1.5998605e+00	   2.5665033e+00	
   1.5948900e+02	   1.5399940e+00	   2.5665033e+00	
   1.1464400e+02	   1.4251278e+00	   1.5295417e+00	
   1.1464400e+02	   2.0563920e+00	   1.5295417e+00	
   1.1747800e+02	   1.2936950e+00	   1.5561700e+00	
   1.5727800e+02	   1.3218949e+00	   2.4569674e+00	
   1.5727800e+02	   1.5181274e+00	   2.4569674e+00	
   1.2590000e+02	   1.5411940e+00	   1.6508898e+00	
   1.2590000e+02	   2.3554909e+00	   1.6508898e+00	
   1.2341100e+02	   1.7075267e+00	   1.6201042e+00	
   1.1865600e+02	   1.4126279e+00	   1.5679249e+00	
   1.1720000e+02	   1.3347615e+00	   1.5534572e+00	
   1.1720000e+02	   1.7862597e+00	   1.5534572e+00	
   1.1236700e+02	   1.2073620e+00	   1.5096742e+00	
   1.5282200e+02	   1.3470948e+00	   2.2671995e+00	
   1.5282200e+02	   1.4255611e+00	   2.2671995e+00	
   1.5126700e+02	   1.6077938e+00	   2.2094677e+00	
   1.5126700e+02	   1.5385607e+00	   2.2094677e+00	
   1.4315600e+02	   1.4457277e+00	   1.9647507e+00	
   1.3390000e+02	   1.8529928e+00	   1.7706734e+00	
   1.1474400e+02	   1.6809935e+00	   1.5304441e+00	
   1.1474400e+02	   1.3889279e+00	   1.5304441e+00	
   1.1594400e+02	   1.5328607e+00	   1.5414795e+00	
   1.1594400e+02	   1.5544940e+00	   1.5414795e+00	
   1.4557800e+02	   2.0916919e+00	   2.0290578e+00	
   1.4557800e+02	   2.1360917e+00	   2.0290578e+00	
   1.5175600e+02	   1.5799939e+00	   2.2271918e+00	
   1.5175600e+02	   1.6229270e+00	   2.2271918e+00	
   1.1752200e+02	   1.4099945e+00	   1.5566015e+00	
   1.1752200e+02	   1.7629265e+00	   1.5566015e+00	
   1.1935600e+02	   1.5877938e+00	   1.5751159e+00	
   1.1935600e+02	   1.7424266e+00	   1.5751159e+00	
   1.5895600e+02	   1.3153282e+00	   2.5390659e+00	
   1.5895600e+02	   1.5624939e+00	   2.5390659e+00	
   1.5274400e+02	   1.4338278e+00	   2.2642068e+00	
   1.5274400e+02	   2.0326588e+00	   2.2642068e+00	
   1.1577800e+02	   1.5551940e+00	   1.5399297e+00	
   1.1617800e+02	   1.7256266e+00	   1.5436771e+00	
   1.0986700e+02	   1.5089275e+00	   1.4892470e+00	
   1.0986700e+02	   1.6067938e+00	   1.4892470e+00	
   1.1575600e+02	   1.3430615e+00	   1.5397249e+00	
   1.5242200e+02	   1.2963283e+00	   2.2519628e+00	
   1.5242200e+02	   1.5641606e+00	   2.2519628e+00	
   1.5645600e+02	   1.9676257e+00	   2.4190033e+00	
   1.5645600e+02	   2.0360588e+00	   2.4190033e+00	
   1.0967800e+02	   1.2760951e+00	   1.4877571e+00	
   1.2331100e+02	   1.2337619e+00	   1.6189211e+00	
   1.3244400e+02	   1.3983279e+00	   1.7461337e+00	
   1.3244400e+02	   2.0460921e+00	   1.7461337e+00	
   1.1421100e+02	   1.6655935e+00	   1.5256644e+00	
   1.5803300e+02	   1.1881287e+00	   2.4931224e+00	
   1.5675600e+02	   1.4564610e+00	   2.4326934e+00	
   1.5675600e+02	   1.5104941e+00	   2.4326934e+00	
   1.4070000e+02	   1.5806939e+00	   1.9059146e+00	
   1.4070000e+02	   1.8560928e+00	   1.9059146e+00	
   1.1743300e+02	   1.5122941e+00	   1.5557293e+00	
   1.2031100e+02	   1.5055608e+00	   1.5851858e+00	
   1.2598900e+02	   1.4226278e+00	   1.6520403e+00	
   1.2598900e+02	   1.8145263e+00	   1.6520403e+00	
   1.1432200e+02	   1.2931283e+00	   1.5266537e+00	
   1.4874400e+02	   1.6738268e+00	   2.1238890e+00	
   1.4874400e+02	   1.5409940e+00	   2.1238890e+00	
   1.4852200e+02	   1.6216270e+00	   2.1168047e+00	
   1.4685600e+02	   1.6440936e+00	   2.0657770e+00	
   1.1521100e+02	   1.4465944e+00	   1.5346928e+00	
   1.1521100e+02	   1.5264941e+00	   1.5346928e+00	
   1.5792200e+02	   1.4892276e+00	   2.4877278e+00	
   1.5792200e+02	   2.1484917e+00	   2.4877278e+00	
   1.1363300e+02	   1.0065961e+00	   1.5205628e+00	
   1.1363300e+02	   1.9683924e+00	   1.5205628e+00	
   1.5712200e+02	   1.4666276e+00	   2.4496521e+00	
   1.1598900e+02	   1.4461277e+00	   1.5419009e+00	
   1.1598900e+02	   1.6228604e+00	   1.5419009e+00	
   1.5351100e+02	   1.2896617e+00	   2.2940959e+00	
   1.5351100e+02	   1.6537269e+00	   2.2940959e+00	
   1.1083300e+02	   1.8147263e+00	   1.4969784e+00	
   1.1275600e+02	   2.3403576e+00	   1.5129791e+00	
   1.1258900e+02	   1.2669284e+00	   1.5115560e+00	
   1.5644400e+02	   1.4203945e+00	   2.4184596e+00	
   1.5644400e+02	   1.6393936e+00	   2.4184596e+00	
   1.4892200e+02	   1.5788272e+00	   2.1296193e+00	
   1.4892200e+02	   1.4588277e+00	   2.1296193e+00	
   1.5751100e+02	   1.7203267e+00	   2.4679916e+00	
   1.5751100e+02	   2.0646920e+00	   2.4679916e+00	
   1.1510000e+02	   1.3903946e+00	   1.5336777e+00	
   1.1214400e+02	   1.6135937e+00	   1.5077955e+00	
   1.1177800e+02	   1.0718958e+00	   1.5047369e+00	
   1.4503300e+02	   1.3094283e+00	   2.0140029e+00	
   1.4503300e+02	   1.9160259e+00	   2.0140029e+00	
   1.1173300e+02	   2.2220914e+00	   1.5043630e+00	
   1.1173300e+02	   1.7023934e+00	   1.5043630e+00	
   1.5720000e+02	   1.3182616e+00	   2.4533032e+00	
   1.5720000e+02	   1.6005938e+00	   2.4533032e+00	
   1.1776700e+02	   1.5174275e+00	   1.5590146e+00	
   1.1776700e+02	   1.7386599e+00	   1.5590146e+00	
   1.5328900e+02	   1.4964609e+00	   2.2853385e+00	
   1.5328900e+02	   1.5998271e+00	   2.2853385e+00	
   1.1193300e+02	   1.5770272e+00	   1.5060285e+00	
   1.1193300e+02	   1.4439611e+00	   1.5060285e+00	
   1.5560000e+02	   1.4921609e+00	   2.3809573e+00	
   1.5560000e+02	   1.3277949e+00	   2.3809573e+00	
   1.3865600e+02	   2.0564920e+00	   1.8613077e+00	
   1.3865600e+02	   2.5629234e+00	   1.8613077e+00	
   1.2317800e+02	   1.9247259e+00	   1.6173536e+00	
   1.5162200e+02	   1.4004279e+00	   2.2222963e+00	
   1.5162200e+02	   1.5858272e+00	   2.2222963e+00	
   1.1454400e+02	   1.3217949e+00	   1.5286420e+00	
   1.2188900e+02	   1.3108949e+00	   1.6025164e+00	
   1.5657800e+02	   1.8080597e+00	   2.4245479e+00	
   1.5657800e+02	   1.8420262e+00	   2.4245479e+00	
   1.5696700e+02	   1.5718939e+00	   2.4424354e+00	
   1.5696700e+02	   2.6053232e+00	   2.4424354e+00	
   1.1825600e+02	   1.2871617e+00	   1.5638855e+00	
   1.3247800e+02	   1.5187274e+00	   1.7466913e+00	
   1.3247800e+02	   1.5231608e+00	   1.7466913e+00	
   1.3096700e+02	   1.6842268e+00	   1.7225900e+00	
   1.3096700e+02	   2.1431917e+00	   1.7225900e+00	
   1.2767800e+02	   2.0971919e+00	   1.6745723e+00	
   1.2767800e+02	   2.3255910e+00	   1.6745723e+00	
   1.3661100e+02	   1.6653935e+00	   1.8202320e+00	
   1.3661100e+02	   1.7244933e+00	   1.8202320e+00	
   1.3093300e+02	   1.4310278e+00	   1.7220632e+00	
   1.3093300e+02	   1.6261937e+00	   1.7220632e+00	
   1.3028900e+02	   1.7937597e+00	   1.7122112e+00	
   1.3028900e+02	   1.7513599e+00	   1.7122112e+00	
   1.2327800e+02	   1.9418258e+00	   1.6185315e+00	
   1.3103300e+02	   1.9314925e+00	   1.7236144e+00	
   1.3101100e+02	   1.8411262e+00	   1.7232726e+00	
   1.3101100e+02	   2.8562889e+00	   1.7232726e+00	
   1.3536700e+02	   1.4617277e+00	   1.7968356e+00	
   1.3532200e+02	   1.4667610e+00	   1.7960106e+00	
   1.3532200e+02	   1.4767609e+00	   1.7960106e+00	
   1.3202200e+02	   1.5302941e+00	   1.7392725e+00	
   1.3202200e+02	   1.8686928e+00	   1.7392725e+00	
   1.4614400e+02	   1.6224937e+00	   2.0450705e+00	
   1.4614400e+02	   2.5162902e+00	   2.0450705e+00	
   1.3972200e+02	   1.6755268e+00	   1.8841052e+00	
   1.3418900e+02	   1.9894590e+00	   1.7757099e+00	
   1.3176700e+02	   1.7122600e+00	   1.7351793e+00	
   1.2805600e+02	   1.6984601e+00	   1.6798032e+00	
   1.2805600e+02	   1.6843601e+00	   1.6798032e+00	
   1.2825600e+02	   1.5919605e+00	   1.6825997e+00	
   1.2825600e+02	   1.6770602e+00	   1.6825997e+00	
   1.3325600e+02	   1.7892597e+00	   1.7596501e+00	
   1.3126700e+02	   1.7562932e+00	   1.7272668e+00	
   1.2500000e+02	   1.9261592e+00	   1.6394531e+00	
   1.2500000e+02	   2.0003589e+00	   1.6394531e+00	
   1.3470000e+02	   1.6499603e+00	   1.7847548e+00	
   1.3470000e+02	   1.7055267e+00	   1.7847548e+00	
   1.2780000e+02	   2.1721582e+00	   1.6762529e+00	
   1.2780000e+02	   2.1102252e+00	   1.6762529e+00	
   1.2925600e+02	   1.7614932e+00	   1.6968902e+00	
   1.2925600e+02	   1.8971260e+00	   1.6968902e+00	
   1.3856700e+02	   1.7505265e+00	   1.8594487e+00	
   1.3856700e+02	   1.9760590e+00	   1.8594487e+00	
   1.3612200e+02	   1.7623265e+00	   1.8108976e+00	
   1.3443300e+02	   1.6735602e+00	   1.7800064e+00	
   1.3157800e+02	   1.6826268e+00	   1.7321709e+00	
   1.3157800e+02	   1.7545932e+00	   1.7321709e+00	
   1.2741100e+02	   1.9783590e+00	   1.6709200e+00	
   1.2741100e+02	   2.0416588e+00	   1.6709200e+00	
   1.3144400e+02	   1.5717939e+00	   1.7300508e+00	
   1.3144400e+02	   2.1787582e+00	   1.7300508e+00	
   1.3062200e+02	   1.7971264e+00	   1.7172761e+00	
   1.3786700e+02	   1.6929268e+00	   1.8450585e+00	
   1.3681100e+02	   1.4339944e+00	   1.8241023e+00	
   1.3681100e+02	   1.6859268e+00	   1.8241023e+00	
   1.2842200e+02	   1.8335929e+00	   1.6849362e+00	
   1.2842200e+02	   2.1266584e+00	   1.6849362e+00	
   1.2948900e+02	   1.6379603e+00	   1.7002953e+00	
   1.2948900e+02	   1.7482932e+00	   1.7002953e+00	
   1.3591100e+02	   1.6612269e+00	   1.8069255e+00	
   1.3591100e+02	   1.8964926e+00	   1.8069255e+00	
   1.3595600e+02	   1.3972279e+00	   1.8077698e+00	
   1.3096700e+02	   1.9841256e+00	   1.7225900e+00	
   1.3096700e+02	   1.8322262e+00	   1.7225900e+00	
   1.3083300e+02	   1.6926268e+00	   1.7205179e+00	
   1.3083300e+02	   2.0930252e+00	   1.7205179e+00	
   1.3201100e+02	   2.0140922e+00	   1.7390951e+00	
   1.3201100e+02	   2.1357251e+00	   1.7390951e+00	
   1.3236700e+02	   2.0776253e+00	   1.7448736e+00	
   1.3236700e+02	   1.6635602e+00	   1.7448736e+00	
   1.3666700e+02	   1.5888605e+00	   1.8213126e+00	
   1.3666700e+02	   1.6146271e+00	   1.8213126e+00	
   1.3335600e+02	   2.1762916e+00	   1.7613440e+00	
   1.3335600e+02	   2.3624575e+00	   1.7613440e+00	
   1.2770000e+02	   1.5643606e+00	   1.6748749e+00	
   1.2770000e+02	   2.0483921e+00	   1.6748749e+00	
   1.2925600e+02	   1.9141592e+00	   1.6968902e+00	
   1.2910000e+02	   1.5825605e+00	   1.6946265e+00	
   1.3500000e+02	   1.6608269e+00	   1.7901495e+00	
   1.3500000e+02	   1.9219592e+00	   1.7901495e+00	
   1.3144400e+02	   1.8932593e+00	   1.7300508e+00	
   1.3144400e+02	   1.7942597e+00	   1.7300508e+00	
   1.3812200e+02	   2.0148589e+00	   1.8502536e+00	
   1.3812200e+02	   2.1187251e+00	   1.8502536e+00	
   1.3685600e+02	   1.5498940e+00	   1.8249774e+00	
   1.3685600e+02	   1.8192596e+00	   1.8249774e+00	
   1.3011100e+02	   1.6463936e+00	   1.7095294e+00	
   1.3011100e+02	   1.9759923e+00	   1.7095294e+00	
   1.3303300e+02	   1.7278600e+00	   1.7558962e+00	
   1.3303300e+02	   2.0383254e+00	   1.7558962e+00	
   1.2141100e+02	   1.8730927e+00	   1.5971727e+00	
   1.2141100e+02	   2.6521231e+00	   1.5971727e+00	
   1.3391100e+02	   2.2213581e+00	   1.7708641e+00	
   1.3127800e+02	   1.8594261e+00	   1.7274392e+00	
   1.3542200e+02	   1.8816927e+00	   1.7978459e+00	
   1.3565600e+02	   1.8435262e+00	   1.8021689e+00	
   1.3707800e+02	   1.9170926e+00	   1.8293175e+00	
   1.3688900e+02	   1.6036271e+00	   1.8256201e+00	
   1.3688900e+02	   1.7722265e+00	   1.8256201e+00	
   1.3362200e+02	   1.5911605e+00	   1.7658813e+00	
   1.3362200e+02	   1.7637265e+00	   1.7658813e+00	
   1.2382200e+02	   1.5537940e+00	   1.6250092e+00	
   1.2382200e+02	   2.2868578e+00	   1.6250092e+00	
   1.2975600e+02	   1.9267592e+00	   1.7042333e+00	
   1.2592200e+02	   1.7950930e+00	   1.6511739e+00	
   1.3126700e+02	   1.8368929e+00	   1.7272668e+00	
   1.3126700e+02	   3.3374871e+00	   1.7272668e+00	
   1.2826700e+02	   2.0502254e+00	   1.6827541e+00	
   1.2222200e+02	   2.1402917e+00	   1.6062890e+00	
   1.2222200e+02	   2.1832915e+00	   1.6062890e+00	
   1.2893300e+02	   1.5098941e+00	   1.6922175e+00	
   1.2993300e+02	   1.9846923e+00	   1.7068652e+00	
   1.2993300e+02	   2.4332906e+00	   1.7068652e+00	
   1.2874400e+02	   1.5765606e+00	   1.6895086e+00	
   1.2874400e+02	   1.6474603e+00	   1.6895086e+00	
   1.2861100e+02	   1.4090945e+00	   1.6876136e+00	
   1.5311100e+02	   2.1090918e+00	   2.2783797e+00	
   1.4958900e+02	   2.0713920e+00	   2.1514951e+00	
   1.4958900e+02	   2.3080911e+00	   2.1514951e+00	
   1.4520000e+02	   2.4305906e+00	   2.0185787e+00	
   1.4520000e+02	   2.9722885e+00	   2.0185787e+00	
   1.5657800e+02	   2.3372909e+00	   2.4245479e+00	
   1.5487800e+02	   2.2853911e+00	   2.3500011e+00	
   1.4881100e+02	   2.1669916e+00	   2.1260406e+00	
   1.4881100e+02	   2.1841915e+00	   2.1260406e+00	
   1.4143300e+02	   2.1847249e+00	   1.9228480e+00	
   1.4143300e+02	   2.1143918e+00	   1.9228480e+00	
   1.5067800e+02	   2.6240898e+00	   2.1886254e+00	
   1.5067800e+02	   2.5771900e+00	   2.1886254e+00	
   1.5523300e+02	   2.1195251e+00	   2.3650949e+00	
   1.5523300e+02	   2.3717908e+00	   2.3650949e+00	
   1.5044400e+02	   2.2373247e+00	   2.1804952e+00	
   1.5044400e+02	   2.5469568e+00	   2.1804952e+00	
   1.6657800e+02	   2.2006581e+00	   3.0045651e+00	
   1.6657800e+02	   3.2674207e+00	   3.0045651e+00	
   1.5232200e+02	   2.6333565e+00	   2.2481961e+00	
   1.5137800e+02	   2.4961237e+00	   2.2134571e+00	
   1.4546700e+02	   2.1827249e+00	   2.0259630e+00	
   1.4546700e+02	   2.1107252e+00	   2.0259630e+00	
   1.4814400e+02	   2.0356254e+00	   2.1048995e+00	
   1.4814400e+02	   1.9762923e+00	   2.1048995e+00	
   1.5065600e+02	   2.0991919e+00	   2.1878574e+00	
   1.5062200e+02	   3.2128542e+00	   2.1866720e+00	
   1.5081100e+02	   2.2146914e+00	   2.1932841e+00	
   1.5340000e+02	   1.9384925e+00	   2.2897062e+00	
   1.4551100e+02	   2.3107910e+00	   2.0271880e+00	
   1.4551100e+02	   2.4469905e+00	   2.0271880e+00	
   1.4680000e+02	   2.4350906e+00	   2.0641252e+00	
   1.4680000e+02	   2.3203577e+00	   2.0641252e+00	
   1.5925600e+02	   2.3138577e+00	   2.5544258e+00	
   1.5925600e+02	   2.3425243e+00	   2.5544258e+00	
   1.5073300e+02	   2.1575916e+00	   2.1905486e+00	
   1.5073300e+02	   2.3394243e+00	   2.1905486e+00	
   1.4640000e+02	   2.2911911e+00	   2.0524423e+00	
   1.4640000e+02	   2.5013570e+00	   2.0524423e+00	
   1.5105600e+02	   2.1837249e+00	   2.2019384e+00	
   1.5105600e+02	   2.6096566e+00	   2.2019384e+00	
   1.5212200e+02	   1.6220604e+00	   2.2407132e+00	
   1.5648900e+02	   2.3129244e+00	   2.4205000e+00	
   1.5648900e+02	   2.3485909e+00	   2.4205000e+00	
   1.4803300e+02	   2.4235239e+00	   2.1014408e+00	
   1.4803300e+02	   2.3930574e+00	   2.1014408e+00	
   1.5472200e+02	   2.3422243e+00	   2.3434449e+00	
   1.5472200e+02	   2.5494901e+00	   2.3434449e+00	
   1.5042200e+02	   2.2199914e+00	   2.1797352e+00	
   1.5042200e+02	   2.5175236e+00	   2.1797352e+00	
   1.4985600e+02	   2.8836222e+00	   2.1604339e+00	
   1.4985600e+02	   3.0849880e+00	   2.1604339e+00	
   1.5066700e+02	   2.4837904e+00	   2.1882413e+00	
   1.5066700e+02	   2.4744571e+00	   2.1882413e+00	
   1.5572200e+02	   2.1854582e+00	   2.3862893e+00	
   1.5095600e+02	   2.3620575e+00	   2.1983946e+00	
   1.5195600e+02	   2.1753582e+00	   2.2345531e+00	
   1.5195600e+02	   2.4648238e+00	   2.2345531e+00	
   1.4537800e+02	   2.4468238e+00	   2.0234922e+00	
   1.4537800e+02	   2.7026562e+00	   2.0234922e+00	
   1.5408900e+02	   2.0087589e+00	   2.3173127e+00	
   1.5408900e+02	   2.2255247e+00	   2.3173127e+00	
   1.4962200e+02	   2.4541905e+00	   2.1525942e+00	
   1.4962200e+02	   2.3628242e+00	   2.1525942e+00	
   1.5833300e+02	   2.4896904e+00	   2.5078412e+00	
   1.5833300e+02	   2.6322898e+00	   2.5078412e+00	
   1.5941100e+02	   1.9614257e+00	   2.5624456e+00	
   1.5941100e+02	   2.2645912e+00	   2.5624456e+00	
   1.4872200e+02	   2.1241584e+00	   2.1231839e+00	
   1.4872200e+02	   2.2592579e+00	   2.1231839e+00	
   1.5047800e+02	   2.3324243e+00	   2.1816713e+00	
   1.5047800e+02	   2.6520897e+00	   2.1816713e+00	
   1.3918900e+02	   3.1112546e+00	   1.8725826e+00	
   1.3918900e+02	   3.3091538e+00	   1.8725826e+00	
   1.5164400e+02	   2.0732253e+00	   2.2230981e+00	
   1.5443300e+02	   2.2759245e+00	   2.3314211e+00	
   1.5443300e+02	   2.8126891e+00	   2.3314211e+00	
   1.5705600e+02	   1.8186596e+00	   2.4465729e+00	
   1.3820000e+02	   2.3667575e+00	   1.8518534e+00	
   1.5608900e+02	   2.0538587e+00	   2.4025092e+00	
   1.5608900e+02	   2.5027236e+00	   2.4025092e+00	
   1.5386700e+02	   2.3845908e+00	   2.3083238e+00	
   1.5386700e+02	   2.3434576e+00	   2.3083238e+00	
   1.4294400e+02	   2.4396239e+00	   1.9594300e+00	
   1.4294400e+02	   2.8866888e+00	   1.9594300e+00	
   1.4415600e+02	   2.2348913e+00	   1.9905013e+00	
   1.4415600e+02	   2.3656908e+00	   1.9905013e+00	
   1.4958900e+02	   2.6018899e+00	   2.1514951e+00	
   1.4958900e+02	   3.5962861e+00	   2.1514951e+00	
   1.3933300e+02	   2.1906582e+00	   1.8756709e+00	
   1.5404400e+02	   2.5295569e+00	   2.3154834e+00	
   1.4898900e+02	   1.8925593e+00	   2.1317878e+00	
   1.4868900e+02	   2.5637901e+00	   2.1221274e+00	
   1.4868900e+02	   2.5782900e+00	   2.1221274e+00	
   1.4767800e+02	   1.8863594e+00	   2.0904910e+00	
   1.4767800e+02	   2.9376219e+00	   2.0904910e+00	
   1.6883300e+02	   2.4781904e+00	   3.1776198e+00	
   1.6666700e+02	   2.4948903e+00	   3.0110488e+00	
   1.6666700e+02	   2.8831888e+00	   3.0110488e+00	
   1.6016700e+02	   2.9262220e+00	   2.6023990e+00	
   1.6114400e+02	   3.2641540e+00	   2.6561560e+00	
   1.5346700e+02	   2.9873551e+00	   2.2923532e+00	
   1.5433300e+02	   2.8366223e+00	   2.3272972e+00	
   1.6717800e+02	   2.4409905e+00	   3.0488113e+00	
   1.5538900e+02	   2.5803900e+00	   2.3718051e+00	
   1.5538900e+02	   3.0282216e+00	   2.3718051e+00	
   1.5251100e+02	   3.0037884e+00	   2.2553293e+00	
   1.5078900e+02	   3.6668191e+00	   2.1925116e+00	
   1.6073300e+02	   2.1694583e+00	   2.6332434e+00	
   1.6000000e+02	   2.7080562e+00	   2.5934523e+00	
   1.6000000e+02	   2.6406898e+00	   2.5934523e+00	
   1.5708900e+02	   2.9705218e+00	   2.4481114e+00	
   1.5708900e+02	   3.6762191e+00	   2.4481114e+00	
   1.5841100e+02	   2.5618234e+00	   2.5117015e+00	
   1.5993300e+02	   2.5062903e+00	   2.5898823e+00	
   1.5937800e+02	   2.5581568e+00	   2.5607334e+00	
   1.6107800e+02	   2.4155906e+00	   2.6524469e+00	
   1.6127800e+02	   2.5242569e+00	   2.6637217e+00	
   1.6528900e+02	   2.7020562e+00	   2.9136659e+00	
   1.6528900e+02	   3.1938210e+00	   2.9136659e+00	
   1.5680000e+02	   2.9328220e+00	   2.4347171e+00	
   1.5924400e+02	   2.5290569e+00	   2.5538073e+00	
   1.6048900e+02	   2.5047903e+00	   2.6198468e+00	
   1.6048900e+02	   2.5966566e+00	   2.6198468e+00	
   1.6681100e+02	   2.8928888e+00	   3.0215976e+00	
   1.6681100e+02	   3.1415545e+00	   3.0215976e+00	
   1.6352200e+02	   2.7569893e+00	   2.7977294e+00	
   1.6135600e+02	   2.4108573e+00	   2.6681475e+00	
   1.6508900e+02	   2.7014895e+00	   2.9000528e+00	
   1.6508900e+02	   2.8854888e+00	   2.9000528e+00	
   1.6021100e+02	   2.8688889e+00	   2.6047678e+00	
   1.5253300e+02	   3.7775854e+00	   2.2561636e+00	
   1.6138900e+02	   2.5965233e+00	   2.6700248e+00	
   1.6274400e+02	   2.3319910e+00	   2.7496638e+00	
   1.5706700e+02	   2.5851566e+00	   2.4470855e+00	
   1.5706700e+02	   2.5414568e+00	   2.4470855e+00	
   1.6637800e+02	   3.1027546e+00	   2.9900945e+00	
   1.6637800e+02	   3.5172864e+00	   2.9900945e+00	
   1.4407800e+02	   2.6344565e+00	   1.9884532e+00	
   1.4407800e+02	   2.8941554e+00	   1.9884532e+00	
   1.5830000e+02	   1.8780261e+00	   2.5062121e+00	
   1.6234400e+02	   2.9141220e+00	   2.7256263e+00	
   1.6234400e+02	   2.7537893e+00	   2.7256263e+00	
   1.5902200e+02	   2.8054891e+00	   2.5424268e+00	
   1.5902200e+02	   2.8409557e+00	   2.5424268e+00	
   1.6903300e+02	   2.9845884e+00	   3.1938863e+00	
   1.6903300e+02	   2.9498219e+00	   3.1938863e+00	
   1.5882200e+02	   2.1291917e+00	   2.5322738e+00	
   1.5675600e+02	   2.7296894e+00	   2.4326934e+00	
   1.5675600e+02	   2.6958562e+00	   2.4326934e+00	
   1.6056700e+02	   2.8880555e+00	   2.6241128e+00	
   1.6056700e+02	   3.2437208e+00	   2.6241128e+00	
   1.5697800e+02	   3.0435882e+00	   2.4429459e+00	
   1.5697800e+02	   3.2629874e+00	   2.4429459e+00	
   1.6138900e+02	   2.6430231e+00	   2.6700248e+00	
   1.6138900e+02	   2.6120232e+00	   2.6700248e+00	
   1.6466700e+02	   2.6399564e+00	   2.8717481e+00	
   1.6466700e+02	   2.7044229e+00	   2.8717481e+00	
   1.6621100e+02	   2.7890892e+00	   2.9781163e+00	
   1.6621100e+02	   2.9391219e+00	   2.9781163e+00	
   1.5922200e+02	   2.3129910e+00	   2.5526742e+00	
   1.5922200e+02	   2.6593230e+00	   2.5526742e+00	
   1.5194400e+02	   2.5694234e+00	   2.2341096e+00	
   1.5194400e+02	   2.5644567e+00	   2.2341096e+00	
   1.6798900e+02	   2.8178557e+00	   3.1106615e+00	
   1.6798900e+02	   2.7250561e+00	   3.1106615e+00	
   1.5436700e+02	   2.7403227e+00	   2.3286972e+00	
   1.5436700e+02	   3.0051550e+00	   2.3286972e+00	
   1.5580000e+02	   2.4798237e+00	   2.3897139e+00	
   1.5860000e+02	   2.8563556e+00	   2.5211133e+00	
   1.5811100e+02	   3.2885539e+00	   2.4969297e+00	
   1.5686700e+02	   2.5156569e+00	   2.4378066e+00	
   1.5743300e+02	   2.5048236e+00	   2.4642880e+00	
   1.5743300e+02	   3.0668548e+00	   2.4642880e+00	
   1.6497800e+02	   2.5986899e+00	   2.8925529e+00	
   1.6113300e+02	   2.5196902e+00	   2.6555370e+00	
   1.4833300e+02	   2.6100899e+00	   2.1108275e+00	
   1.4833300e+02	   3.3007872e+00	   2.1108275e+00	
   1.5782200e+02	   2.5113903e+00	   2.4828914e+00	
   1.5782200e+02	   2.7371227e+00	   2.4828914e+00	
   1.6507800e+02	   3.2531541e+00	   2.8993078e+00	
   1.5927800e+02	   4.1651505e+00	   2.5555606e+00	
   1.5205600e+02	   2.6398898e+00	   2.2382585e+00	
   1.5205600e+02	   3.0790547e+00	   2.2382585e+00	
   1.6020000e+02	   2.9880551e+00	   2.6041751e+00	
   1.6020000e+02	   3.1197546e+00	   2.6041751e+00	
   1.6368900e+02	   2.6339565e+00	   2.8082780e+00	
   1.6368900e+02	   3.2103542e+00	   2.8082780e+00	
   1.7847800e+02	   3.7211856e+00	   4.1714472e+00	
   1.7703300e+02	   3.3878869e+00	   3.9914237e+00	
   1.7703300e+02	   3.9861179e+00	   3.9914237e+00	
   1.7022200e+02	   3.4937198e+00	   3.2938730e+00	
   1.6943300e+02	   3.5628529e+00	   3.2268900e+00	
   1.6983300e+02	   3.1586878e+00	   3.2605318e+00	
   1.7757800e+02	   3.1230212e+00	   4.0578370e+00	
   1.7757800e+02	   3.2841539e+00	   4.0578370e+00	
   1.6566700e+02	   3.0367216e+00	   2.9397491e+00	
   1.5962200e+02	   3.6678191e+00	   2.5734560e+00	
   1.6307800e+02	   3.5621195e+00	   2.7700837e+00	
   1.7060000e+02	   3.4699532e+00	   3.3268728e+00	
   1.7060000e+02	   3.6904857e+00	   3.3268728e+00	
   1.6877800e+02	   3.9188515e+00	   3.1731737e+00	
   1.6877800e+02	   4.1098841e+00	   3.1731737e+00	
   1.6973300e+02	   2.5348235e+00	   3.2520608e+00	
   1.6932200e+02	   3.7023523e+00	   3.2176681e+00	
   1.7051100e+02	   3.2518541e+00	   3.3190490e+00	
   1.7554400e+02	   3.6525192e+00	   3.8187026e+00	
   1.7554400e+02	   3.9601513e+00	   3.8187026e+00	
   1.6981100e+02	   2.7651893e+00	   3.2586647e+00	
   1.7046700e+02	   3.1766544e+00	   3.3151934e+00	
   1.7763300e+02	   3.7986519e+00	   4.0646378e+00	
   1.7763300e+02	   4.5520824e+00	   4.0646378e+00	
   1.7201100e+02	   2.9023888e+00	   3.4554886e+00	
   1.7662200e+02	   3.7219856e+00	   3.9424924e+00	
   1.7662200e+02	   3.9315848e+00	   3.9424924e+00	
   1.6226700e+02	   3.4010868e+00	   2.7210506e+00	
   1.7054400e+02	   4.6660152e+00	   3.3219461e+00	
   1.7333300e+02	   3.2583874e+00	   3.5841892e+00	
   1.6676700e+02	   2.9485552e+00	   3.0183667e+00	
   1.6752200e+02	   3.3297204e+00	   3.0747546e+00	
   1.6752200e+02	   3.3692869e+00	   3.0747546e+00	
   1.7246700e+02	   3.1976876e+00	   3.4989573e+00	
   1.7246700e+02	   3.5395863e+00	   3.4989573e+00	
   1.5422200e+02	   3.8296852e+00	   2.3227414e+00	
   1.5422200e+02	   3.8575184e+00	   2.3227414e+00	
   1.6786700e+02	   2.4853570e+00	   3.1012038e+00	
   1.7167800e+02	   3.6456859e+00	   3.4243431e+00	
   1.7167800e+02	   3.5959861e+00	   3.4243431e+00	
   1.7404400e+02	   4.1055508e+00	   3.6568817e+00	
   1.7404400e+02	   4.3948830e+00	   3.6568817e+00	
   1.6710000e+02	   3.4814532e+00	   3.0429877e+00	
   1.6710000e+02	   3.8760183e+00	   3.0429877e+00	
   1.7035600e+02	   3.1941876e+00	   3.3055029e+00	
   1.7035600e+02	   3.8371851e+00	   3.3055029e+00	
   1.6611100e+02	   3.9818512e+00	   2.9709891e+00	
   1.6611100e+02	   4.1270173e+00	   2.9709891e+00	
   1.7146700e+02	   3.4554866e+00	   3.4048651e+00	
   1.7146700e+02	   3.7380522e+00	   3.4048651e+00	
   1.7225600e+02	   3.2797873e+00	   3.4787247e+00	
   1.7225600e+02	   3.7479855e+00	   3.4787247e+00	
   1.7667800e+02	   3.7577188e+00	   3.9491020e+00	
   1.7667800e+02	   4.2220503e+00	   3.9491020e+00	
   1.6140000e+02	   3.4641199e+00	   2.6706512e+00	
   1.6140000e+02	   3.4611533e+00	   2.6706512e+00	
   1.7574400e+02	   3.1388212e+00	   3.8411820e+00	
   1.6398900e+02	   3.5386196e+00	   2.8274372e+00	
   1.6398900e+02	   3.4752199e+00	   2.8274372e+00	
   1.6938900e+02	   3.5110197e+00	   3.2232286e+00	
   1.7000000e+02	   3.5202197e+00	   3.2747692e+00	
   1.7000000e+02	   3.7475521e+00	   3.2747692e+00	
   1.7243300e+02	   3.0750214e+00	   3.4956831e+00	
   1.7243300e+02	   3.5116197e+00	   3.4956831e+00	
   1.5844400e+02	   3.5105531e+00	   2.5133389e+00	
   1.5844400e+02	   3.8840849e+00	   2.5133389e+00	
   1.6673300e+02	   3.5771861e+00	   3.0158747e+00	
   1.6673300e+02	   3.3979535e+00	   3.0158747e+00	
   1.7386700e+02	   3.3361204e+00	   3.6385509e+00	
   1.6855600e+02	   3.7759187e+00	   3.1553459e+00	
   1.6088900e+02	   3.1961209e+00	   2.6418885e+00	
   1.6088900e+02	   3.7291189e+00	   2.6418885e+00	
   1.7210000e+02	   3.6901857e+00	   3.4638978e+00	
   1.7210000e+02	   3.9145182e+00	   3.4638978e+00	
   1.7370000e+02	   3.1733544e+00	   3.6213990e+00	
   1.7370000e+02	   3.6651191e+00	   3.6213990e+00	
