   2.5144400e+01	   7.5793311e-01	   1.1809989e+00	
   2.5144400e+01	   1.0090237e+00	   1.1809989e+00	
   2.5144400e+01	   1.0066582e+00	   1.1809989e+00	
   2.5144400e+01	   8.0385159e-01	   1.1809989e+00	
   2.6666700e+01	   9.8550785e-01	   1.1858357e+00	
   2.6666700e+01	   8.0559092e-01	   1.1858357e+00	
   2.6311100e+01	   1.8123187e+00	   1.1847026e+00	
   2.6477800e+01	   9.7695032e-01	   1.1852335e+00	
   2.6477800e+01	   9.8307278e-01	   1.1852335e+00	
   2.6477800e+01	   5.6257088e-01	   1.1852335e+00	
   2.4611100e+01	   2.8590512e+00	   1.1793129e+00	
   2.4611100e+01	   3.0750767e+00	   1.1793129e+00	
   2.5766700e+01	   9.8063771e-01	   1.1829718e+00	
   2.4233300e+01	   7.5111491e-01	   1.1781210e+00	
   2.5633300e+01	   9.8780378e-01	   1.1825484e+00	
   2.5633300e+01	   2.0479639e+00	   1.1825484e+00	
   2.5633300e+01	   9.8209875e-01	   1.1825484e+00	
   2.3888900e+01	   5.3975079e-01	   1.1770364e+00	
   2.3888900e+01	   6.0125371e-01	   1.1770364e+00	
   2.3888900e+01	   5.7258945e-01	   1.1770364e+00	
   2.3888900e+01	   1.0136851e+00	   1.1770364e+00	
   2.3888900e+01	   9.9385666e-01	   1.1770364e+00	
   2.4300000e+01	   9.6915809e-01	   1.1783313e+00	
   2.4300000e+01	   7.7129121e-01	   1.1783313e+00	
   2.4300000e+01	   2.4885030e+00	   1.1783313e+00	
   2.5577800e+01	   7.6335984e-01	   1.1823723e+00	
   2.4566700e+01	   7.6739510e-01	   1.1791727e+00	
   2.4566700e+01	   1.0359486e+00	   1.1791727e+00	
   2.7211100e+01	   1.4154022e+00	   1.1875741e+00	
   2.7211100e+01	   1.1861577e+00	   1.1875741e+00	
   2.5511100e+01	   7.6043776e-01	   1.1821608e+00	
   2.6822200e+01	   7.9244154e-01	   1.1863318e+00	
   2.6822200e+01	   1.6125037e+00	   1.1863318e+00	
   2.6544400e+01	   9.8662103e-01	   1.1854458e+00	
   2.4677800e+01	   1.8092574e+00	   1.1795235e+00	
   2.4155600e+01	   7.6141178e-01	   1.1778761e+00	
   2.3833300e+01	   7.6774297e-01	   1.1768614e+00	
   2.3833300e+01	   1.1945065e+00	   1.1768614e+00	
   2.3833300e+01	   9.7757648e-01	   1.1768614e+00	
   2.7922200e+01	   9.7674160e-01	   1.1898520e+00	
   2.7922200e+01	   1.4363438e+00	   1.1898520e+00	
   2.3866700e+01	   7.6482088e-01	   1.1769665e+00	
   2.3866700e+01	   1.0117370e+00	   1.1769665e+00	
   2.3866700e+01	   7.6308155e-01	   1.1769665e+00	
   2.3866700e+01	   7.8437102e-01	   1.1769665e+00	
   2.5722200e+01	   1.0145896e+00	   1.1828305e+00	
   2.3766700e+01	   7.9348514e-01	   1.1766519e+00	
   2.3766700e+01	   1.4017658e+00	   1.1766519e+00	
   2.3766700e+01	   1.3969652e+00	   1.1766519e+00	
   2.3766700e+01	   1.0023446e+00	   1.1766519e+00	
   2.5544400e+01	   9.6310520e-01	   1.1822664e+00	
   2.5544400e+01	   7.7831813e-01	   1.1822664e+00	
   2.6944400e+01	   8.2416703e-01	   1.1867219e+00	
   2.6944400e+01	   8.0788685e-01	   1.1867219e+00	
   2.7388900e+01	   1.2104388e+00	   1.1881429e+00	
   2.7388900e+01	   7.6878657e-01	   1.1881429e+00	
   2.5966700e+01	   7.6558619e-01	   1.1836071e+00	
   2.7388900e+01	   3.7221097e+00	   1.1881429e+00	
   2.5144400e+01	   7.5654164e-01	   1.1809989e+00	
   2.5144400e+01	   7.6106392e-01	   1.1809989e+00	
   2.5144400e+01	   9.7374994e-01	   1.1809989e+00	
   2.5144400e+01	   2.6888745e+00	   1.1809989e+00	
   2.7000000e+01	   7.7630050e-01	   1.1868995e+00	
   2.7000000e+01	   1.6384546e+00	   1.1868995e+00	
   2.4111100e+01	   9.7855051e-01	   1.1777359e+00	
   2.4111100e+01	   7.7991832e-01	   1.1777359e+00	
   2.4111100e+01	   1.0043623e+00	   1.1777359e+00	
   2.4544400e+01	   7.7219567e-01	   1.1791023e+00	
   2.4544400e+01	   1.8203196e+00	   1.1791023e+00	
   2.3744400e+01	   7.7268268e-01	   1.1765818e+00	
   2.5766700e+01	   1.2355548e+00	   1.1829718e+00	
   2.5766700e+01	   1.8529496e+00	   1.1829718e+00	
   2.7400000e+01	   1.1993766e+00	   1.1881785e+00	
   2.7400000e+01	   7.7950088e-01	   1.1881785e+00	
   2.7400000e+01	   7.8798884e-01	   1.1881785e+00	
   2.4833300e+01	   7.6690809e-01	   1.1800148e+00	
   2.4833300e+01	   9.7013212e-01	   1.1800148e+00	
   2.4833300e+01	   9.9594387e-01	   1.1800148e+00	
   2.4833300e+01	   5.6257088e-01	   1.1800148e+00	
   2.4833300e+01	   9.7430653e-01	   1.1800148e+00	
   2.5033300e+01	   1.8096053e+00	   1.1806473e+00	
   2.5033300e+01	   2.0465029e+00	   1.1806473e+00	
   2.6477800e+01	   7.6781254e-01	   1.1852335e+00	
   2.5277800e+01	   2.0206911e+00	   1.1814213e+00	
   2.5277800e+01	   2.4367403e+00	   1.1814213e+00	
   2.6333300e+01	   9.8300321e-01	   1.1847733e+00	
   2.6333300e+01	   1.0081192e+00	   1.1847733e+00	
   2.6400000e+01	   2.2646156e+00	   1.1849857e+00	
   2.6166700e+01	   7.7894429e-01	   1.1842431e+00	
   2.6400000e+01	   2.0330056e+00	   1.1849857e+00	
   2.2400000e+01	   7.7254354e-01	   1.1723672e+00	
   2.2400000e+01	   1.0241907e+00	   1.1723672e+00	
   2.2400000e+01	   7.7887472e-01	   1.1723672e+00	
   2.6900000e+01	   1.6351847e+00	   1.1865801e+00	
   2.5900000e+01	   1.6182088e+00	   1.1833952e+00	
   2.3988900e+01	   7.6516875e-01	   1.1773511e+00	
   2.3988900e+01	   1.0129894e+00	   1.1773511e+00	
   2.4900000e+01	   7.7741368e-01	   1.1802257e+00	
   2.4300000e+01	   7.5306297e-01	   1.1783313e+00	
   2.4300000e+01	   1.2174657e+00	   1.1783313e+00	
   2.4300000e+01	   1.2025770e+00	   1.1783313e+00	
   2.4300000e+01	   5.6124898e-01	   1.1783313e+00	
   2.6477800e+01	   1.6132690e+00	   1.1852335e+00	
   2.6477800e+01	   1.2043859e+00	   1.1852335e+00	
   2.7511100e+01	   7.7741368e-01	   1.1885341e+00	
   2.7511100e+01	   7.7031719e-01	   1.1885341e+00	
   2.7511100e+01	   2.2429783e+00	   1.1885341e+00	
   2.7511100e+01	   7.8158808e-01	   1.1885341e+00	
   2.4522200e+01	   7.5591548e-01	   1.1790322e+00	
   2.4522200e+01	   8.0308628e-01	   1.1790322e+00	
   2.4522200e+01	   7.7532647e-01	   1.1790322e+00	
   2.4522200e+01	   7.8708439e-01	   1.1790322e+00	
   2.6900000e+01	   9.7715904e-01	   1.1865801e+00	
   2.6900000e+01	   8.0454732e-01	   1.1865801e+00	
   2.4166700e+01	   7.5862885e-01	   1.1779111e+00	
   2.4166700e+01	   1.4311258e+00	   1.1779111e+00	
   2.5555600e+01	   7.8026619e-01	   1.1823019e+00	
   2.5555600e+01	   8.0329500e-01	   1.1823019e+00	
   2.5555600e+01	   9.8627316e-01	   1.1823019e+00	
   2.6111100e+01	   9.6275733e-01	   1.1840662e+00	
   2.6111100e+01	   1.0150766e+00	   1.1840662e+00	
   2.6111100e+01	   7.7504818e-01	   1.1840662e+00	
   2.5688900e+01	   7.9793784e-01	   1.1827248e+00	
   3.4922200e+01	   1.0065190e+00	   1.2127332e+00	
   3.4922200e+01	   7.8569292e-01	   1.2127332e+00	
   3.6755600e+01	   5.7752917e-01	   1.2188746e+00	
   3.4922200e+01	   2.8957164e+00	   1.2127332e+00	
   3.6288900e+01	   1.6416550e+00	   1.2173050e+00	
   3.6288900e+01	   7.8193595e-01	   1.2173050e+00	
   3.7133300e+01	   7.9557235e-01	   1.2201481e+00	
   3.7133300e+01	   7.8896287e-01	   1.2201481e+00	
   3.7133300e+01	   1.4042008e+00	   1.2201481e+00	
   3.4255600e+01	   1.1965937e+00	   1.2105164e+00	
   3.4255600e+01	   7.8186638e-01	   1.2105164e+00	
   3.4255600e+01	   3.1010972e+00	   1.2105164e+00	
   3.4600000e+01	   7.8805841e-01	   1.2116607e+00	
   3.4600000e+01	   7.8110107e-01	   1.2116607e+00	
   3.5755600e+01	   7.8645822e-01	   1.2155167e+00	
   3.3022200e+01	   2.0459463e+00	   1.2064365e+00	
   3.5755600e+01	   1.0065886e+00	   1.2155167e+00	
   3.3877800e+01	   7.6155093e-01	   1.2092637e+00	
   3.3877800e+01	   8.2284514e-01	   1.2092637e+00	
   3.3877800e+01	   5.6563211e-01	   1.2092637e+00	
   3.3877800e+01	   1.2461996e+00	   1.2092637e+00	
   3.3877800e+01	   8.0176438e-01	   1.2092637e+00	
   3.4277800e+01	   9.8787335e-01	   1.2105901e+00	
   3.4277800e+01	   8.2166239e-01	   1.2105901e+00	
   3.4277800e+01	   1.0500024e+00	   1.2105901e+00	
   3.4277800e+01	   1.0462455e+00	   1.2105901e+00	
   3.5244400e+01	   5.4935192e-01	   1.2138078e+00	
   3.6200000e+01	   1.0264866e+00	   1.2170065e+00	
   3.3822200e+01	   1.4164458e+00	   1.2090796e+00	
   3.6200000e+01	   1.1961067e+00	   1.2170065e+00	
   3.6200000e+01	   1.0166768e+00	   1.2170065e+00	
   3.5777800e+01	   1.1890102e+00	   1.2155911e+00	
   3.5777800e+01	   7.7637008e-01	   1.2155911e+00	
   3.5777800e+01	   8.2792400e-01	   1.2155911e+00	
   3.7200000e+01	   1.2176049e+00	   1.2203732e+00	
   3.7200000e+01	   1.2480780e+00	   1.2203732e+00	
   3.4133300e+01	   9.9350880e-01	   1.2101106e+00	
   3.4866700e+01	   1.2477302e+00	   1.2125483e+00	
   3.4100000e+01	   7.8200552e-01	   1.2100001e+00	
   3.3455600e+01	   1.2234490e+00	   1.2078669e+00	
   3.3455600e+01	   1.8171888e+00	   1.2078669e+00	
   3.7022200e+01	   9.8801250e-01	   1.2197732e+00	
   3.7022200e+01	   1.4428141e+00	   1.2197732e+00	
   3.1644400e+01	   9.7242804e-01	   1.2019118e+00	
   3.1644400e+01	   2.3032289e+00	   1.2019118e+00	
   3.1644400e+01	   1.8237287e+00	   1.2019118e+00	
   3.3311100e+01	   2.0446940e+00	   1.2073896e+00	
   3.3311100e+01	   2.0535994e+00	   1.2073896e+00	
   3.5200000e+01	   9.9789192e-01	   1.2136596e+00	
   3.4777800e+01	   1.0011619e+00	   1.2122523e+00	
   3.4777800e+01	   1.6237051e+00	   1.2122523e+00	
   3.8400000e+01	   7.8451017e-01	   1.2244401e+00	
   3.8400000e+01	   8.0934789e-01	   1.2244401e+00	
   3.5822200e+01	   3.7505653e+00	   1.2157398e+00	
   3.5822200e+01	   3.2957637e+00	   1.2157398e+00	
   3.4744400e+01	   7.6871700e-01	   1.2121411e+00	
   3.4744400e+01	   9.8898652e-01	   1.2121411e+00	
   3.6222200e+01	   7.8444059e-01	   1.2170811e+00	
   3.4744400e+01	   2.5140364e+00	   1.2121411e+00	
   3.6822200e+01	   2.2623893e+00	   1.2190989e+00	
   3.2788900e+01	   1.2112737e+00	   1.2056680e+00	
   3.2788900e+01	   1.0071452e+00	   1.2056680e+00	
   3.4055600e+01	   7.7588306e-01	   1.2098529e+00	
   3.4055600e+01	   1.0351833e+00	   1.2098529e+00	
   3.4200000e+01	   9.9684832e-01	   1.2103319e+00	
   3.4200000e+01	   1.8479403e+00	   1.2103319e+00	
   3.6211100e+01	   7.7991832e-01	   1.2170438e+00	
   3.8322200e+01	   1.4113669e+00	   1.2241755e+00	
   3.8322200e+01	   1.8737520e+00	   1.2241755e+00	
   3.8322200e+01	   1.2116215e+00	   1.2241755e+00	
   3.4633300e+01	   7.8680609e-01	   1.2117714e+00	
   3.3955600e+01	   8.2834144e-01	   1.2095215e+00	
   3.3955600e+01	   1.4226378e+00	   1.2095215e+00	
   3.3955600e+01	   1.6155650e+00	   1.2095215e+00	
   3.4944400e+01	   1.6248182e+00	   1.2128072e+00	
   3.4944400e+01	   2.0298053e+00	   1.2128072e+00	
   3.6055600e+01	   9.8175089e-01	   1.2165220e+00	
   3.6055600e+01	   7.8972818e-01	   1.2165220e+00	
   3.7600000e+01	   5.7502452e-01	   1.2217256e+00	
   3.5377800e+01	   2.0297357e+00	   1.2142532e+00	
   3.7600000e+01	   9.9128245e-01	   1.2217256e+00	
   3.7600000e+01	   1.0306610e+00	   1.2217256e+00	
   3.5300000e+01	   1.6514649e+00	   1.2139934e+00	
   3.5300000e+01	   2.0702970e+00	   1.2139934e+00	
   3.6622200e+01	   2.0554083e+00	   1.2184255e+00	
   3.1788900e+01	   7.6586448e-01	   1.2023847e+00	
   3.1788900e+01	   1.0374096e+00	   1.2023847e+00	
   3.1788900e+01	   7.8492761e-01	   1.2023847e+00	
   3.1788900e+01	   1.0182769e+00	   1.2023847e+00	
   3.6200000e+01	   8.2214940e-01	   1.2170065e+00	
   3.6333300e+01	   2.0673054e+00	   1.2174542e+00	
   3.3677800e+01	   7.8826713e-01	   1.2086016e+00	
   3.3677800e+01	   1.2327719e+00	   1.2086016e+00	
   3.4844400e+01	   1.0200859e+00	   1.2124741e+00	
   3.2644400e+01	   7.6843870e-01	   1.2051924e+00	
   3.4844400e+01	   1.2347199e+00	   1.2124741e+00	
   3.4844400e+01	   1.0008140e+00	   1.2124741e+00	
   3.4844400e+01	   7.8979775e-01	   1.2124741e+00	
   3.7322200e+01	   8.4928305e-01	   1.2207860e+00	
   3.7322200e+01	   2.5356738e+00	   1.2207860e+00	
   3.7266700e+01	   2.4387580e+00	   1.2205985e+00	
   3.3855600e+01	   9.9190861e-01	   1.2091902e+00	
   3.3855600e+01	   8.0691282e-01	   1.2091902e+00	
   3.3855600e+01	   1.2934399e+00	   1.2091902e+00	
   3.3855600e+01	   1.0553596e+00	   1.2091902e+00	
   3.3811100e+01	   9.8676017e-01	   1.2090428e+00	
   3.3811100e+01	   1.2409815e+00	   1.2090428e+00	
   3.5544400e+01	   1.2169091e+00	   1.2148101e+00	
   3.5544400e+01	   7.8416230e-01	   1.2148101e+00	
   3.2888900e+01	   9.8829079e-01	   1.2059973e+00	
   3.2888900e+01	   1.0272519e+00	   1.2059973e+00	
   3.2888900e+01	   9.8022027e-01	   1.2059973e+00	
   3.2888900e+01	   1.0240515e+00	   1.2059973e+00	
   4.4333300e+01	   2.2587715e+00	   1.2450111e+00	
   4.4333300e+01	   2.9131097e+00	   1.2450111e+00	
   4.7022200e+01	   2.2738689e+00	   1.2546114e+00	
   4.5588900e+01	   1.4195766e+00	   1.2494710e+00	
   4.5588900e+01	   2.0965958e+00	   1.2494710e+00	
   4.5588900e+01	   1.4394746e+00	   1.2494710e+00	
   4.7600000e+01	   1.0088150e+00	   1.2566990e+00	
   4.2588900e+01	   1.2139175e+00	   1.2388793e+00	
   4.2588900e+01	   1.0025533e+00	   1.2388793e+00	
   4.3466700e+01	   7.8757140e-01	   1.2419557e+00	
   4.2588900e+01	   3.1253087e+00	   1.2388793e+00	
   4.5011100e+01	   1.1965241e+00	   1.2474137e+00	
   4.5011100e+01	   1.4496323e+00	   1.2474137e+00	
   4.5011100e+01	   9.9650046e-01	   1.2474137e+00	
   4.5011100e+01	   1.8763262e+00	   1.2474137e+00	
   4.3511100e+01	   9.8126387e-01	   1.2421118e+00	
   4.3511100e+01	   8.0948703e-01	   1.2421118e+00	
   4.3511100e+01	   1.0797103e+00	   1.2421118e+00	
   4.3511100e+01	   1.0741444e+00	   1.2421118e+00	
   4.3355600e+01	   2.4826588e+00	   1.2415653e+00	
   4.3355600e+01	   2.4919121e+00	   1.2415653e+00	
   4.3355600e+01	   7.7873557e-01	   1.2415653e+00	
   4.3355600e+01	   1.2147524e+00	   1.2415653e+00	
   4.5500000e+01	   7.9174581e-01	   1.2491539e+00	
   4.5500000e+01	   1.2421643e+00	   1.2491539e+00	
   4.5755600e+01	   9.8669060e-01	   1.2500661e+00	
   4.5755600e+01	   1.0006053e+00	   1.2500661e+00	
   4.6677800e+01	   1.2381986e+00	   1.2533713e+00	
   4.6677800e+01	   1.0074931e+00	   1.2533713e+00	
   4.3944400e+01	   9.9510899e-01	   1.2436377e+00	
   4.4966700e+01	   2.0708536e+00	   1.2472560e+00	
   4.3055600e+01	   7.6725595e-01	   1.2405127e+00	
   4.3055600e+01	   1.2740289e+00	   1.2405127e+00	
   4.2744400e+01	   9.9462197e-01	   1.2394229e+00	
   4.2744400e+01	   1.8388957e+00	   1.2394229e+00	
   4.2744400e+01	   7.8137936e-01	   1.2394229e+00	
   4.6755600e+01	   1.0058929e+00	   1.2536512e+00	
   4.0444400e+01	   1.2214314e+00	   1.2314386e+00	
   4.0444400e+01	   1.0239820e+00	   1.2314386e+00	
   4.0444400e+01	   1.0222426e+00	   1.2314386e+00	
   4.0444400e+01	   1.1044784e+00	   1.2314386e+00	
   4.2433300e+01	   1.0098586e+00	   1.2383359e+00	
   4.2433300e+01	   1.0367139e+00	   1.2383359e+00	
   4.2433300e+01	   7.9285898e-01	   1.2383359e+00	
   4.2433300e+01	   1.2608100e+00	   1.2383359e+00	
   4.2433300e+01	   1.0176508e+00	   1.2383359e+00	
   4.4555600e+01	   7.8054448e-01	   1.2457978e+00	
   4.7444400e+01	   9.9629174e-01	   1.2561359e+00	
   4.4555600e+01	   1.8920498e+00	   1.2457978e+00	
   4.7744400e+01	   1.4242380e+00	   1.2572221e+00	
   4.5088900e+01	   1.2457821e+00	   1.2476902e+00	
   4.5088900e+01	   7.9821614e-01	   1.2476902e+00	
   4.5111100e+01	   1.0114587e+00	   1.2477691e+00	
   4.5111100e+01	   1.0472195e+00	   1.2477691e+00	
   4.3655600e+01	   1.0016489e+00	   1.2426202e+00	
   4.3655600e+01	   1.2444602e+00	   1.2426202e+00	
   4.3655600e+01	   2.0686272e+00	   1.2426202e+00	
   4.3655600e+01	   1.6477079e+00	   1.2426202e+00	
   4.6400000e+01	   7.9077178e-01	   1.2523733e+00	
   4.6400000e+01	   1.2258841e+00	   1.2523733e+00	
   4.2355600e+01	   1.2551745e+00	   1.2380647e+00	
   4.3244400e+01	   8.0600836e-01	   1.2411749e+00	
   4.3244400e+01	   1.8314514e+00	   1.2411749e+00	
   4.2500000e+01	   1.0083279e+00	   1.2385687e+00	
   4.2500000e+01	   1.0073539e+00	   1.2385687e+00	
   4.5111100e+01	   1.4320302e+00	   1.2477691e+00	
   4.5111100e+01	   1.6435335e+00	   1.2477691e+00	
   4.8777800e+01	   1.4229857e+00	   1.2609826e+00	
   4.8777800e+01	   7.7887472e-01	   1.2609826e+00	
   4.8777800e+01	   1.0216860e+00	   1.2609826e+00	
   4.8777800e+01	   1.0529245e+00	   1.2609826e+00	
   4.3011100e+01	   7.8200552e-01	   1.2403567e+00	
   4.2933300e+01	   8.7704285e-01	   1.2400841e+00	
   4.2933300e+01	   9.9907467e-01	   1.2400841e+00	
   4.2933300e+01	   1.6397765e+00	   1.2400841e+00	
   4.2933300e+01	   8.1073936e-01	   1.2400841e+00	
   4.4011100e+01	   7.9842486e-01	   1.2438730e+00	
   4.4011100e+01	   1.2371550e+00	   1.2438730e+00	
   4.4977800e+01	   1.8542019e+00	   1.2472954e+00	
   4.4977800e+01	   1.2010464e+00	   1.2472954e+00	
   4.5966700e+01	   9.8801250e-01	   1.2508207e+00	
   4.5966700e+01	   1.8482186e+00	   1.2508207e+00	
   4.5966700e+01	   9.8258577e-01	   1.2508207e+00	
   4.7588900e+01	   1.0532724e+00	   1.2566588e+00	
   4.7588900e+01	   1.0790146e+00	   1.2566588e+00	
   4.4133300e+01	   1.8783439e+00	   1.2443043e+00	
   4.6888900e+01	   1.2182310e+00	   1.2541310e+00	
   4.6888900e+01	   1.0015793e+00	   1.2541310e+00	
   4.0666700e+01	   7.8033576e-01	   1.2322051e+00	
   4.0666700e+01	   1.0518113e+00	   1.2322051e+00	
   4.0666700e+01	   7.7984875e-01	   1.2322051e+00	
   4.0666700e+01	   7.9369386e-01	   1.2322051e+00	
   4.4666700e+01	   8.1380059e-01	   1.2461915e+00	
   4.2588900e+01	   1.2006985e+00	   1.2388793e+00	
   4.2588900e+01	   1.4313345e+00	   1.2388793e+00	
   4.4366700e+01	   7.7574391e-01	   1.2451292e+00	
   4.4366700e+01	   1.2011855e+00	   1.2451292e+00	
   4.4366700e+01	   7.9877272e-01	   1.2451292e+00	
   4.4366700e+01	   1.0249560e+00	   1.2451292e+00	
   4.4366700e+01	   8.3056779e-01	   1.2451292e+00	
   4.6622200e+01	   1.0299653e+00	   1.2531714e+00	
   4.6622200e+01	   1.4477538e+00	   1.2531714e+00	
   4.6622200e+01	   1.2082820e+00	   1.2531714e+00	
   4.7222200e+01	   7.9014562e-01	   1.2553330e+00	
   4.7222200e+01	   2.4911468e+00	   1.2553330e+00	
   4.7222200e+01	   1.4275775e+00	   1.2553330e+00	
   4.3622200e+01	   9.8794292e-01	   1.2425026e+00	
   4.3622200e+01	   1.0341397e+00	   1.2425026e+00	
   4.3622200e+01	   1.0186248e+00	   1.2425026e+00	
   4.3622200e+01	   2.0420502e+00	   1.2425026e+00	
   4.2900000e+01	   7.7052591e-01	   1.2399675e+00	
   4.2722200e+01	   1.2347199e+00	   1.2393453e+00	
   4.2900000e+01	   1.9084692e+00	   1.2399675e+00	
   4.2455600e+01	   9.8550785e-01	   1.2384137e+00	
   4.2455600e+01	   1.4554069e+00	   1.2384137e+00	
   4.2455600e+01	   1.0019968e+00	   1.2384137e+00	
   9.9088900e+01	   1.0749793e+00	   1.5129196e+00	
   9.9088900e+01	   1.5147530e+00	   1.5129196e+00	
   9.9088900e+01	   6.6547000e-01	   1.5129196e+00	
   6.2822200e+01	   1.1595110e+00	   1.3155167e+00	
   6.2822200e+01	   3.0883652e+00	   1.3155167e+00	
   8.8533300e+01	   1.6849297e+00	   1.4423879e+00	
   7.3211100e+01	   1.0433930e+00	   1.3613181e+00	
   7.3211100e+01	   1.0207120e+00	   1.3613181e+00	
   7.3211100e+01	   1.0409579e+00	   1.3613181e+00	
   6.1088900e+01	   3.3452304e+00	   1.3083888e+00	
   6.1088900e+01	   3.3839132e+00	   1.3083888e+00	
   9.9544400e+01	   1.0358790e+00	   1.5163344e+00	
   9.9544400e+01	   1.2978230e+00	   1.5163344e+00	
   9.9544400e+01	   1.0387315e+00	   1.5163344e+00	
   9.9544400e+01	   8.8198256e-01	   1.5163344e+00	
   6.6777800e+01	   8.0113822e-01	   1.3322925e+00	
   9.7366700e+01	   8.3968191e-01	   1.5003184e+00	
   9.7366700e+01	   1.8869014e+00	   1.5003184e+00	
   9.7366700e+01	   1.0774144e+00	   1.5003184e+00	
   7.5411100e+01	   1.0808930e+00	   1.3718174e+00	
   7.5411100e+01	   1.3102071e+00	   1.3718174e+00	
   6.0400000e+01	   8.5811887e-01	   1.3055910e+00	
   6.0400000e+01	   1.0463150e+00	   1.3055910e+00	
   6.0400000e+01	   8.4733499e-01	   1.3055910e+00	
   8.5322200e+01	   1.0226601e+00	   1.4236621e+00	
   8.5322200e+01	   1.0635693e+00	   1.4236621e+00	
   8.5322200e+01	   1.4410052e+00	   1.4236621e+00	
   8.5322200e+01	   1.0365052e+00	   1.4236621e+00	
   6.6666700e+01	   1.0214077e+00	   1.3318110e+00	
   6.6666700e+01	   1.4922808e+00	   1.3318110e+00	
   6.6666700e+01	   2.3739155e+00	   1.3318110e+00	
   6.3888900e+01	   1.2969186e+00	   1.3199686e+00	
   1.0030000e+02	   1.0817975e+00	   1.5220774e+00	
   1.0030000e+02	   1.3070067e+00	   1.5220774e+00	
   9.4788900e+01	   1.0611342e+00	   1.4823176e+00	
   9.4788900e+01	   1.0772057e+00	   1.4823176e+00	
   1.0298900e+02	   1.2227533e+00	   1.5433515e+00	
   5.8288900e+01	   1.0211990e+00	   1.2971353e+00	
   1.0298900e+02	   2.3482429e+00	   1.5433515e+00	
   9.4566700e+01	   1.2704807e+00	   1.4808115e+00	
   9.4566700e+01	   1.8861361e+00	   1.4808115e+00	
   9.4566700e+01	   1.0302436e+00	   1.4808115e+00	
   9.9055600e+01	   8.5624039e-01	   1.5126713e+00	
   9.9055600e+01	   1.0447844e+00	   1.5126713e+00	
   9.9055600e+01	   2.1198333e+00	   1.5126713e+00	
   6.5755600e+01	   8.5700570e-01	   1.3278858e+00	
   1.0197800e+02	   1.2247709e+00	   1.5351949e+00	
   1.0197800e+02	   1.2708286e+00	   1.5351949e+00	
   7.6822200e+01	   9.9942254e-01	   1.3787249e+00	
   7.6822200e+01	   1.1031565e+00	   1.3787249e+00	
   5.5788900e+01	   5.9220917e-01	   1.2873398e+00	
   5.5788900e+01	   1.0572381e+00	   1.2873398e+00	
   5.8866700e+01	   8.5199641e-01	   1.2994323e+00	
   5.8866700e+01	   8.2388874e-01	   1.2994323e+00	
   5.8866700e+01	   1.1061482e+00	   1.2994323e+00	
   1.0242200e+02	   2.5311515e+00	   1.5387529e+00	
   1.0242200e+02	   2.5448575e+00	   1.5387529e+00	
   6.5888900e+01	   2.1324261e+00	   1.3284575e+00	
   6.5888900e+01	   2.5317081e+00	   1.3284575e+00	
   5.9388900e+01	   1.0481240e+00	   1.3015193e+00	
   7.6166700e+01	   8.2430618e-01	   1.3754987e+00	
   1.0344400e+02	   8.3557708e-01	   1.5470872e+00	
   1.0344400e+02	   8.8441764e-01	   1.5470872e+00	
   5.7033300e+01	   9.0570711e-01	   1.2921872e+00	
   5.7033300e+01	   1.4399616e+00	   1.2921872e+00	
   6.4988900e+01	   1.6783202e+00	   1.3246141e+00	
   6.8811100e+01	   8.3209840e-01	   1.3412167e+00	
   6.8811100e+01	   1.3234956e+00	   1.3412167e+00	
   1.0354400e+02	   1.6901477e+00	   1.5479137e+00	
   1.0354400e+02	   2.1338176e+00	   1.5479137e+00	
   8.5422200e+01	   8.4823944e-01	   1.4242292e+00	
   5.6955600e+01	   1.4924200e+00	   1.2918829e+00	
   5.6955600e+01	   1.6917479e+00	   1.2918829e+00	
   5.9477800e+01	   1.2427209e+00	   1.3018757e+00	
   5.9477800e+01	   1.0895897e+00	   1.3018757e+00	
   7.8155600e+01	   8.1700097e-01	   1.3853841e+00	
   7.8155600e+01	   1.2345808e+00	   1.3853841e+00	
   7.8155600e+01	   1.0160506e+00	   1.3853841e+00	
   6.5400000e+01	   1.2811950e+00	   1.3263648e+00	
   6.5400000e+01	   2.1171895e+00	   1.3263648e+00	
   6.5400000e+01	   1.2387552e+00	   1.3263648e+00	
   6.6977800e+01	   1.0817975e+00	   1.3331608e+00	
   9.6366700e+01	   1.1210369e+00	   1.4932171e+00	
   9.6366700e+01	   1.4725220e+00	   1.4932171e+00	
   9.6366700e+01	   1.2203182e+00	   1.4932171e+00	
   5.7433300e+01	   2.0826811e+00	   1.2937572e+00	
   5.7433300e+01	   1.9097911e+00	   1.2937572e+00	
   1.0097800e+02	   1.4544329e+00	   1.5273161e+00	
   1.0097800e+02	   2.0893601e+00	   1.5273161e+00	
   1.0208900e+02	   1.0457585e+00	   1.5360809e+00	
   1.0208900e+02	   1.0731704e+00	   1.5360809e+00	
   5.9233300e+01	   1.0274606e+00	   1.3008964e+00	
   5.9233300e+01	   1.2797340e+00	   1.3008964e+00	
   7.0466700e+01	   1.2519046e+00	   1.3486480e+00	
   7.0466700e+01	   1.4735656e+00	   1.3486480e+00	
   7.0466700e+01	   1.0348354e+00	   1.3486480e+00	
   7.1755600e+01	   1.0634997e+00	   1.3545420e+00	
   7.1755600e+01	   8.3557708e-01	   1.3545420e+00	
   1.0130000e+02	   1.2210140e+00	   1.5298330e+00	
   9.4266700e+01	   1.0598123e+00	   1.4787892e+00	
   9.4266700e+01	   1.3717796e+00	   1.4787892e+00	
   9.4266700e+01	   1.7765579e+00	   1.4787892e+00	
   1.0737800e+02	   1.0566815e+00	   1.5811858e+00	
   1.0737800e+02	   1.2542701e+00	   1.5811858e+00	
   1.0737800e+02	   8.2875888e-01	   1.5811858e+00	
   1.0737800e+02	   1.0975211e+00	   1.5811858e+00	
   1.0254400e+02	   1.0748402e+00	   1.5397372e+00	
   1.0254400e+02	   1.2924659e+00	   1.5397372e+00	
   8.4422200e+01	   1.0760229e+00	   1.4186022e+00	
   8.4422200e+01	   1.0864589e+00	   1.4186022e+00	
   1.1540000e+02	   1.5112744e+00	   1.6625414e+00	
   7.3111100e+01	   1.3176515e+00	   1.3608483e+00	
   1.1540000e+02	   3.1719925e+00	   1.6625414e+00	
   1.0440000e+02	   1.5093959e+00	   1.5550712e+00	
   1.0440000e+02	   1.9841651e+00	   1.5550712e+00	
   8.4600000e+01	   1.0273215e+00	   1.4195956e+00	
   8.4600000e+01	   1.2763249e+00	   1.4195956e+00	
   7.0911100e+01	   1.0726138e+00	   1.3506692e+00	
   7.2744400e+01	   1.0849283e+00	   1.3591311e+00	
   7.0911100e+01	   3.4469468e+00	   1.3506692e+00	
   7.2744400e+01	   1.0472891e+00	   1.3591311e+00	
   1.1534400e+02	   1.1044089e+00	   1.6619092e+00	
   1.1534400e+02	   2.2932799e+00	   1.6619092e+00	
   1.1534400e+02	   1.2951793e+00	   1.6619092e+00	
   1.1266700e+02	   1.2708286e+00	   1.6328170e+00	
   1.1266700e+02	   1.0886157e+00	   1.6328170e+00	
   7.3666700e+01	   1.3880598e+00	   1.3634664e+00	
   1.1266700e+02	   1.5939972e+00	   1.6328170e+00	
   8.8133300e+01	   1.4723132e+00	   1.4399952e+00	
   8.8133300e+01	   2.3313366e+00	   1.4399952e+00	
   7.0000000e+01	   1.0275998e+00	   1.3465377e+00	
   1.0072200e+02	   9.0744645e-01	   1.5253284e+00	
   1.0072200e+02	   8.8880076e-01	   1.5253284e+00	
   1.0072200e+02	   1.4585377e+00	   1.5253284e+00	
   1.0072200e+02	   1.2873175e+00	   1.5253284e+00	
   7.7266700e+01	   2.3485908e+00	   1.3809302e+00	
   7.7266700e+01	   2.3820556e+00	   1.3809302e+00	
   1.1714400e+02	   1.2876653e+00	   1.6827420e+00	
   1.1714400e+02	   1.9712940e+00	   1.6827420e+00	
   1.1011100e+02	   1.2833518e+00	   1.6069620e+00	
   1.2015600e+02	   1.0722659e+00	   1.7201288e+00	
   1.2015600e+02	   9.1433422e-01	   1.7201288e+00	
   6.7755600e+01	   1.0980777e+00	   1.3365571e+00	
   6.7755600e+01	   8.6820702e-01	   1.3365571e+00	
   1.0951100e+02	   1.2960837e+00	   1.6011445e+00	
   1.0951100e+02	   2.2087482e+00	   1.6011445e+00	
   1.0951100e+02	   1.0527158e+00	   1.6011445e+00	
   1.1468900e+02	   8.6187584e-01	   1.6545889e+00	
   1.1468900e+02	   1.0424189e+00	   1.6545889e+00	
   1.1468900e+02	   2.2068697e+00	   1.6545889e+00	
   7.6455600e+01	   1.0893810e+00	   1.3769168e+00	
   1.1736700e+02	   1.0550117e+00	   1.6853987e+00	
   1.1736700e+02	   2.1916331e+00	   1.6853987e+00	
   8.8666700e+01	   1.9177224e+00	   1.4431898e+00	
   6.4188900e+01	   1.0406100e+00	   1.3212300e+00	
   8.5733300e+01	   3.6176800e+00	   1.4259998e+00	
   6.8777800e+01	   1.0477761e+00	   1.3410688e+00	
   6.8777800e+01	   1.0601602e+00	   1.3410688e+00	
   1.1918900e+02	   8.8733972e-01	   1.7077631e+00	
   1.1918900e+02	   1.0843717e+00	   1.7077631e+00	
   1.1918900e+02	   2.8235687e+00	   1.7077631e+00	
   7.7555600e+01	   1.0710832e+00	   1.3823713e+00	
   6.9288900e+01	   1.4946463e+00	   1.3433457e+00	
   6.9288900e+01	   1.2977535e+00	   1.3433457e+00	
   6.9288900e+01	   1.2650540e+00	   1.3433457e+00	
   6.9288900e+01	   1.0712223e+00	   1.3433457e+00	
   1.2163300e+02	   1.0232167e+00	   1.7397193e+00	
   1.2163300e+02	   1.2974056e+00	   1.7397193e+00	
   6.5922200e+01	   1.0872938e+00	   1.3286005e+00	
   6.5922200e+01	   8.5039622e-01	   1.3286005e+00	
   7.5344400e+01	   1.0964079e+00	   1.3714943e+00	
   7.8911100e+01	   1.3193212e+00	   1.3892166e+00	
   7.8911100e+01	   1.0539681e+00	   1.3892166e+00	
   7.8911100e+01	   1.0483327e+00	   1.3892166e+00	
   1.2065600e+02	   1.5061259e+00	   1.7266637e+00	
   1.2065600e+02	   2.3520695e+00	   1.7266637e+00	
   9.8266700e+01	   1.0714311e+00	   1.5068435e+00	
   6.5400000e+01	   1.0461759e+00	   1.3263648e+00	
   6.5400000e+01	   9.1920436e-01	   1.3263648e+00	
   6.9422200e+01	   1.3382452e+00	   1.3439419e+00	
   6.5400000e+01	   1.6099991e+00	   1.3263648e+00	
   8.9911100e+01	   1.6838861e+00	   1.4507680e+00	
   8.9911100e+01	   1.0461063e+00	   1.4507680e+00	
   7.0044400e+01	   1.1420481e+00	   1.3467379e+00	
   7.0044400e+01	   1.6196698e+00	   1.3467379e+00	
   7.6711100e+01	   1.2550354e+00	   1.3781760e+00	
   7.6711100e+01	   1.2809167e+00	   1.3781760e+00	
   7.6711100e+01	   1.0574468e+00	   1.3781760e+00	
   7.6711100e+01	   1.5227540e+00	   1.3781760e+00	
   7.8611100e+01	   1.0944599e+00	   1.3876895e+00	
   1.1206700e+02	   8.7634712e-01	   1.6265864e+00	
   1.1206700e+02	   1.1236807e+00	   1.6265864e+00	
   1.1206700e+02	   1.1194367e+00	   1.6265864e+00	
   1.1206700e+02	   1.8639422e+00	   1.6265864e+00	
   6.6844400e+01	   1.9214794e+00	   1.3325814e+00	
   1.1677800e+02	   1.2804297e+00	   1.6784186e+00	
   1.1677800e+02	   1.1126881e+00	   1.6784186e+00	
   1.1947800e+02	   1.3347665e+00	   1.7114217e+00	
   1.1947800e+02	   1.1206891e+00	   1.7114217e+00	
   6.8766700e+01	   8.5269214e-01	   1.3410195e+00	
   8.1666700e+01	   2.3787857e+00	   1.4035817e+00	
   8.2911100e+01	   1.2605317e+00	   1.4102797e+00	
   8.1666700e+01	   2.7676317e+00	   1.4035817e+00	
   1.1824400e+02	   1.5119701e+00	   1.6960150e+00	
   1.1824400e+02	   1.9625277e+00	   1.6960150e+00	
   1.0910000e+02	   1.2399379e+00	   1.5972121e+00	
   1.2420000e+02	   1.5045953e+00	   1.7759299e+00	
   1.2420000e+02	   1.2921180e+00	   1.7759299e+00	
   1.2420000e+02	   9.5531298e-01	   1.7759299e+00	
   1.2420000e+02	   1.5406344e+00	   1.7759299e+00	
   1.1961100e+02	   1.2901700e+00	   1.7131159e+00	
   1.1961100e+02	   1.2962229e+00	   1.7131159e+00	
   9.8377800e+01	   1.0410970e+00	   1.5076581e+00	
   7.8966700e+01	   1.2626885e+00	   1.3895004e+00	
   7.8966700e+01	   1.1242373e+00	   1.3895004e+00	
   8.3388900e+01	   1.3664225e+00	   1.4128884e+00	
   8.3388900e+01	   3.4920304e+00	   1.4128884e+00	
   8.6133300e+01	   1.4936723e+00	   1.4282907e+00	
   8.4944400e+01	   1.5050128e+00	   1.4215284e+00	
   8.4944400e+01	   1.5113440e+00	   1.4215284e+00	
   8.4944400e+01	   1.3147990e+00	   1.4215284e+00	
   8.3433300e+01	   1.0424885e+00	   1.4131318e+00	
   8.2555600e+01	   1.0582817e+00	   1.4083522e+00	
   8.2555600e+01	   1.0866676e+00	   1.4083522e+00	
   8.3433300e+01	   3.5012141e+00	   1.4131318e+00	
   8.1877800e+01	   1.3198083e+00	   1.4047083e+00	
   8.5955600e+01	   8.3502049e-01	   1.4272710e+00	
   8.1877800e+01	   2.7503774e+00	   1.4047083e+00	
   8.5644400e+01	   1.0687177e+00	   1.4254928e+00	
   8.5644400e+01	   1.1022521e+00	   1.4254928e+00	
   8.3522200e+01	   1.6031113e+00	   1.4136199e+00	
   8.3522200e+01	   1.5345815e+00	   1.4136199e+00	
   8.3988900e+01	   1.0738661e+00	   1.4161940e+00	
   8.4233300e+01	   1.3239827e+00	   1.4175501e+00	
   8.4233300e+01	   1.1311946e+00	   1.4175501e+00	
   8.4233300e+01	   1.1058003e+00	   1.4175501e+00	
   8.3177800e+01	   1.2903091e+00	   1.4117333e+00	
   8.3177800e+01	   1.3264177e+00	   1.4117333e+00	
   8.3177800e+01	   1.2785512e+00	   1.4117333e+00	
   8.2644400e+01	   1.2170483e+00	   1.4088326e+00	
   8.1455600e+01	   1.6816597e+00	   1.4024588e+00	
   8.1455600e+01	   2.1519067e+00	   1.4024588e+00	
   8.1055600e+01	   1.0665609e+00	   1.4003417e+00	
   8.3366700e+01	   1.1203412e+00	   1.4127667e+00	
   8.3366700e+01	   1.4732177e+00	   1.4127667e+00	
   8.5666700e+01	   1.0127806e+00	   1.4256199e+00	
   8.1388900e+01	   9.3311905e-01	   1.4021049e+00	
   8.2844400e+01	   2.3279275e+00	   1.4099172e+00	
   8.6500000e+01	   2.6069170e+00	   1.4304052e+00	
   7.7400000e+01	   1.0579338e+00	   1.3815944e+00	
   7.7400000e+01	   1.1551975e+00	   1.3815944e+00	
   8.3533300e+01	   1.0712223e+00	   1.4136809e+00	
   8.3533300e+01	   1.7774624e+00	   1.4136809e+00	
   8.2944400e+01	   1.9093041e+00	   1.4104609e+00	
   8.2944400e+01	   2.1645690e+00	   1.4104609e+00	
   8.6988900e+01	   1.0557770e+00	   1.4332461e+00	
   8.1644400e+01	   1.1199933e+00	   1.4034629e+00	
   8.1644400e+01	   2.1229641e+00	   1.4034629e+00	
   8.1644400e+01	   1.5013254e+00	   1.4034629e+00	
   8.6288900e+01	   1.7536683e+00	   1.4291863e+00	
   8.1211100e+01	   3.6451615e+00	   1.4011631e+00	
   8.1211100e+01	   3.4392241e+00	   1.4011631e+00	
   8.2422200e+01	   1.2756291e+00	   1.4076319e+00	
   8.4111100e+01	   1.2919093e+00	   1.4168714e+00	
   8.2422200e+01	   2.7697189e+00	   1.4076319e+00	
   8.1833300e+01	   1.0804060e+00	   1.4044705e+00	
   8.1833300e+01	   2.1132238e+00	   1.4044705e+00	
   8.5633300e+01	   1.4616685e+00	   1.4254296e+00	
   8.5633300e+01	   1.3635004e+00	   1.4254296e+00	
   8.5633300e+01	   1.1284813e+00	   1.4254296e+00	
   8.5633300e+01	   1.0033882e+00	   1.4254296e+00	
   7.8322200e+01	   1.1464312e+00	   1.3862255e+00	
   7.8322200e+01	   1.3984958e+00	   1.3862255e+00	
   8.4477800e+01	   8.6500664e-01	   1.4189125e+00	
   8.4477800e+01	   1.5592801e+00	   1.4189125e+00	
   8.4477800e+01	   1.7069149e+00	   1.4189125e+00	
   8.5188900e+01	   1.0994692e+00	   1.4229076e+00	
   8.8988900e+01	   8.7850389e-01	   1.4451349e+00	
   8.8988900e+01	   2.3270926e+00	   1.4451349e+00	
   8.8988900e+01	   1.2933703e+00	   1.4451349e+00	
   7.9311100e+01	   1.2784121e+00	   1.3912636e+00	
   7.9311100e+01	   1.3580737e+00	   1.3912636e+00	
   7.9311100e+01	   1.2702024e+00	   1.3912636e+00	
   8.2111100e+01	   1.1197150e+00	   1.4059580e+00	
   8.5822200e+01	   1.0597427e+00	   1.4265075e+00	
   8.7288900e+01	   1.5224061e+00	   1.4350017e+00	
   8.7288900e+01	   1.0738661e+00	   1.4350017e+00	
   8.7288900e+01	   1.0600210e+00	   1.4350017e+00	
   8.7288900e+01	   1.1231241e+00	   1.4350017e+00	
   7.6188900e+01	   1.1339776e+00	   1.3756075e+00	
   7.6188900e+01	   1.3786674e+00	   1.3756075e+00	
   7.6188900e+01	   8.4385632e-01	   1.3756075e+00	
   8.7222200e+01	   8.9861062e-01	   1.4346106e+00	
   8.6411100e+01	   1.7515811e+00	   1.4298913e+00	
   8.3266700e+01	   1.0374096e+00	   1.4122192e+00	
   8.3266700e+01	   1.5329813e+00	   1.4122192e+00	
   8.3266700e+01	   8.4775243e-01	   1.4122192e+00	
   8.4188900e+01	   1.1119924e+00	   1.4173033e+00	
   8.4188900e+01	   1.5048736e+00	   1.4173033e+00	
   8.9000000e+01	   1.0431147e+00	   1.4452021e+00	
   8.2033300e+01	   1.0761621e+00	   1.4055408e+00	
   8.1444400e+01	   1.1060786e+00	   1.4023994e+00	
   8.2033300e+01	   2.7468292e+00	   1.4055408e+00	
   8.5933300e+01	   1.5236585e+00	   1.4271432e+00	
   8.5933300e+01	   1.3396367e+00	   1.4271432e+00	
   8.5033300e+01	   1.2776467e+00	   1.4220292e+00	
   8.5033300e+01	   1.5110657e+00	   1.4220292e+00	
   8.8466700e+01	   1.0700396e+00	   1.4419882e+00	
   8.8466700e+01	   1.1282030e+00	   1.4419882e+00	
   8.8466700e+01	   1.2745855e+00	   1.4419882e+00	
   8.8466700e+01	   1.2898221e+00	   1.4419882e+00	
   8.5688900e+01	   9.2678786e-01	   1.4257465e+00	
   8.5688900e+01	   1.2748638e+00	   1.4257465e+00	
   8.4222200e+01	   1.4953421e+00	   1.4174884e+00	
   8.4222200e+01	   1.3511859e+00	   1.4174884e+00	
   8.7833300e+01	   1.2617840e+00	   1.4382122e+00	
   9.1688900e+01	   1.0771361e+00	   1.4619132e+00	
   8.7833300e+01	   3.6551105e+00	   1.4382122e+00	
   9.5111100e+01	   1.7435801e+00	   1.4845139e+00	
   9.5111100e+01	   2.0055241e+00	   1.4845139e+00	
   9.4300000e+01	   1.3104158e+00	   1.4790130e+00	
   9.4300000e+01	   1.9742161e+00	   1.4790130e+00	
   9.2322200e+01	   3.4047853e+00	   1.4659783e+00	
   9.2322200e+01	   3.2740568e+00	   1.4659783e+00	
   9.1733300e+01	   1.3324010e+00	   1.4621966e+00	
   9.5444400e+01	   1.0701092e+00	   1.4868016e+00	
   9.1733300e+01	   2.9592369e+00	   1.4621966e+00	
   9.3355600e+01	   1.0602297e+00	   1.4727234e+00	
   9.3355600e+01	   9.5037326e-01	   1.4727234e+00	
   9.1822200e+01	   1.3815199e+00	   1.4627646e+00	
   9.1822200e+01	   1.2753508e+00	   1.4627646e+00	
   9.2677800e+01	   1.3353927e+00	   1.4682835e+00	
   9.3044400e+01	   1.3248871e+00	   1.4706774e+00	
   9.2677800e+01	   2.6467826e+00	   1.4682835e+00	
   9.0877800e+01	   1.2926050e+00	   1.4567806e+00	
   9.0877800e+01	   1.7991693e+00	   1.4567806e+00	
   9.0877800e+01	   1.3184864e+00	   1.4567806e+00	
   8.9777800e+01	   1.0720572e+00	   1.4499477e+00	
   8.9511100e+01	   1.5962236e+00	   1.4483126e+00	
   8.9511100e+01	   2.4094676e+00	   1.4483126e+00	
   8.9511100e+01	   1.0753967e+00	   1.4483126e+00	
   9.3177800e+01	   1.3651006e+00	   1.4715529e+00	
   9.3177800e+01	   2.1458538e+00	   1.4715529e+00	
   9.4144400e+01	   1.0580730e+00	   1.4779683e+00	
   9.1077800e+01	   1.1081658e+00	   1.4580386e+00	
   9.1077800e+01	   1.1904712e+00	   1.4580386e+00	
   9.4833300e+01	   1.1311251e+00	   1.4826194e+00	
   9.4833300e+01	   2.1372962e+00	   1.4826194e+00	
   8.5544400e+01	   1.2841171e+00	   1.4249235e+00	
   9.3488900e+01	   1.0957122e+00	   1.4736038e+00	
   8.5544400e+01	   2.7013282e+00	   1.4249235e+00	
   9.1433300e+01	   2.1494716e+00	   1.4602870e+00	
   9.1433300e+01	   2.1830756e+00	   1.4602870e+00	
   9.0977800e+01	   1.2892655e+00	   1.4574090e+00	
   9.0977800e+01	   1.1734257e+00	   1.4574090e+00	
   9.0977800e+01	   1.3806154e+00	   1.4574090e+00	
   9.0977800e+01	   1.1898451e+00	   1.4574090e+00	
   9.6277800e+01	   3.6720169e+00	   1.4925932e+00	
   8.8322200e+01	   1.2743072e+00	   1.4411229e+00	
   9.1822200e+01	   1.3116682e+00	   1.4627646e+00	
   9.3611100e+01	   1.0989126e+00	   1.4744130e+00	
   9.1822200e+01	   2.6037166e+00	   1.4627646e+00	
   9.6955600e+01	   1.3792936e+00	   1.4973804e+00	
   9.6955600e+01	   2.5749132e+00	   1.4973804e+00	
   9.1077800e+01	   2.1642907e+00	   1.4580386e+00	
   9.4544400e+01	   1.0865981e+00	   1.4806608e+00	
   9.4544400e+01	   1.3819373e+00	   1.4806608e+00	
   9.4544400e+01	   1.5299201e+00	   1.4806608e+00	
   9.4544400e+01	   1.3700403e+00	   1.4806608e+00	
   9.2722200e+01	   1.5003513e+00	   1.4685725e+00	
   8.5833300e+01	   1.3377582e+00	   1.4265710e+00	
   9.4011100e+01	   1.2952488e+00	   1.4770760e+00	
   9.4011100e+01	   2.2433957e+00	   1.4770760e+00	
   9.3955600e+01	   1.5203885e+00	   1.4767052e+00	
   9.7922200e+01	   1.4800359e+00	   1.5043305e+00	
   9.7922200e+01	   1.5532967e+00	   1.5043305e+00	
   9.6722200e+01	   1.1120619e+00	   1.4957240e+00	
   9.7922200e+01	   1.5071000e+00	   1.5043305e+00	
   9.7766700e+01	   1.2967099e+00	   1.5032025e+00	
   8.6944400e+01	   1.5137790e+00	   1.4329865e+00	
   8.6944400e+01	   1.5219191e+00	   1.4329865e+00	
   9.5233300e+01	   1.1368301e+00	   1.4853508e+00	
   9.5233300e+01	   1.9900093e+00	   1.4853508e+00	
   9.6011100e+01	   1.2778555e+00	   1.4907286e+00	
   9.6011100e+01	   1.0925814e+00	   1.4907286e+00	
   8.8833300e+01	   1.1137317e+00	   1.4441941e+00	
   9.1666700e+01	   1.0880591e+00	   1.4617717e+00	
   8.5700000e+01	   1.8421657e+00	   1.4258098e+00	
   8.5700000e+01	   1.0579338e+00	   1.4258098e+00	
   9.6422200e+01	   2.0283442e+00	   1.4936072e+00	
   9.2188900e+01	   1.5553839e+00	   1.4651184e+00	
   9.2188900e+01	   2.1241469e+00	   1.4651184e+00	
   9.3400000e+01	   1.1432309e+00	   1.4730164e+00	
   9.3400000e+01	   1.4951333e+00	   1.4730164e+00	
   9.7633300e+01	   1.3411673e+00	   1.5022378e+00	
   9.7633300e+01	   1.4043400e+00	   1.5022378e+00	
   9.0977800e+01	   1.0910508e+00	   1.4574090e+00	
   9.0977800e+01	   1.5096046e+00	   1.4574090e+00	
   9.0977800e+01	   1.5855788e+00	   1.4574090e+00	
   9.4222200e+01	   1.7488677e+00	   1.4784903e+00	
   9.4222200e+01	   2.3875519e+00	   1.4784903e+00	
   9.8755600e+01	   1.1057308e+00	   1.5104430e+00	
   9.8755600e+01	   1.4933940e+00	   1.5104430e+00	
   9.8755600e+01	   1.0901463e+00	   1.5104430e+00	
   9.8755600e+01	   1.0870155e+00	   1.5104430e+00	
   9.4588900e+01	   1.2792469e+00	   1.4809617e+00	
   9.4588900e+01	   1.3644744e+00	   1.4809617e+00	
   9.3966700e+01	   1.0493763e+00	   1.4767793e+00	
   9.3966700e+01	   1.3830505e+00	   1.4767793e+00	
   1.5481100e+02	   4.0133442e+00	   2.5619350e+00	
   1.5481100e+02	   4.2142027e+00	   2.5619350e+00	
   1.0761100e+02	   1.5644981e+00	   1.5833129e+00	
   1.1938900e+02	   1.6047811e+00	   1.7102917e+00	
   1.1938900e+02	   2.0233349e+00	   1.7102917e+00	
   1.1938900e+02	   1.5859963e+00	   1.7102917e+00	
   1.0216700e+02	   1.2279713e+00	   1.5367049e+00	
   1.0154400e+02	   1.3584215e+00	   1.5317528e+00	
   1.0154400e+02	   2.6475479e+00	   1.5317528e+00	
   1.4830000e+02	   1.3626655e+00	   2.3174223e+00	
   1.4830000e+02	   1.3462462e+00	   2.3174223e+00	
   1.4830000e+02	   3.1533468e+00	   2.3174223e+00	
   1.3797800e+02	   1.1297336e+00	   2.0305049e+00	
   1.3797800e+02	   1.2269973e+00	   2.0305049e+00	
   1.0564400e+02	   1.6229398e+00	   1.5657444e+00	
   1.0564400e+02	   1.3925821e+00	   1.5657444e+00	
   9.7677800e+01	   1.8395219e+00	   1.5025593e+00	
   9.7677800e+01	   2.7010499e+00	   1.5025593e+00	
   1.3007800e+02	   9.2560512e-01	   1.8706836e+00	
   1.3905600e+02	   1.2054295e+00	   2.0558302e+00	
   1.3905600e+02	   1.9877133e+00	   2.0558302e+00	
   1.3905600e+02	   1.3474985e+00	   2.0558302e+00	
   1.1551100e+02	   1.6335149e+00	   1.6637974e+00	
   1.1551100e+02	   1.7125504e+00	   1.6637974e+00	
   1.4433300e+02	   1.4554765e+00	   2.1945549e+00	
   1.4433300e+02	   1.4430228e+00	   2.1945549e+00	
   1.2720000e+02	   1.4075404e+00	   1.8220743e+00	
   1.2720000e+02	   1.4689041e+00	   1.8220743e+00	
   1.4271100e+02	   1.5896836e+00	   2.1491357e+00	
   1.4271100e+02	   2.7261659e+00	   2.1491357e+00	
   1.1775600e+02	   1.3323315e+00	   1.6900742e+00	
   1.3504400e+02	   1.6364370e+00	   1.9661391e+00	
   1.3504400e+02	   2.6440692e+00	   1.9661391e+00	
   1.3933300e+02	   1.3344883e+00	   2.0624917e+00	
   1.3933300e+02	   1.4519282e+00	   2.0624917e+00	
   1.0396700e+02	   1.3169557e+00	   1.5514320e+00	
   1.3920000e+02	   1.3225216e+00	   2.0592852e+00	
   1.3920000e+02	   1.4716175e+00	   2.0592852e+00	
   1.3920000e+02	   1.1444136e+00	   2.0592852e+00	
   1.1152200e+02	   1.3308704e+00	   1.6210143e+00	
   1.0812200e+02	   1.3367842e+00	   1.5880227e+00	
   1.1152200e+02	   4.2713225e+00	   1.6210143e+00	
   1.0812200e+02	   1.3996090e+00	   1.5880227e+00	
   1.3475600e+02	   1.1502578e+00	   1.9601602e+00	
   1.3475600e+02	   2.6190228e+00	   1.9601602e+00	
   1.0280000e+02	   1.5718728e+00	   1.5418118e+00	
   1.0817800e+02	   1.6582135e+00	   1.5885426e+00	
   1.0817800e+02	   2.5033221e+00	   1.5885426e+00	
   1.0292200e+02	   2.2050608e+00	   1.5428049e+00	
   1.0292200e+02	   1.5366687e+00	   1.5428049e+00	
   1.4450000e+02	   1.3593955e+00	   2.1993819e+00	
   1.4036700e+02	   1.8554542e+00	   2.0879332e+00	
   1.4450000e+02	   1.3141728e+00	   2.1993819e+00	
   1.0558900e+02	   1.4417009e+00	   1.5652655e+00	
   1.0558900e+02	   1.5034126e+00	   1.5652655e+00	
   1.3525600e+02	   1.3846507e+00	   1.9705775e+00	
   1.3525600e+02	   2.3442077e+00	   1.9705775e+00	
   1.3525600e+02	   1.5432782e+00	   1.9705775e+00	
   1.4092200e+02	   1.8178845e+00	   2.1019724e+00	
   1.0532200e+02	   2.4034842e+00	   1.5629501e+00	
   1.4092200e+02	   1.3451330e+00	   2.1019724e+00	
   1.2103300e+02	   2.6090042e+00	   1.7316561e+00	
   1.2103300e+02	   2.6257018e+00	   1.7316561e+00	
   1.1696700e+02	   1.3325402e+00	   1.6806455e+00	
   1.1696700e+02	   1.2011160e+00	   1.6806455e+00	
   1.0761100e+02	   1.8558717e+00	   1.5833129e+00	
   1.0761100e+02	   1.6113210e+00	   1.5833129e+00	
   1.0734400e+02	   1.0058233e+00	   1.5808765e+00	
   1.0734400e+02	   1.4659125e+00	   1.5808765e+00	
   1.4185600e+02	   1.3811025e+00	   2.1262244e+00	
   1.4185600e+02	   1.6931394e+00	   2.1262244e+00	
   1.0830000e+02	   1.5251891e+00	   1.5896779e+00	
   1.0106700e+02	   1.4988207e+00	   1.5280098e+00	
   1.2304400e+02	   1.5978933e+00	   1.7592700e+00	
   1.4425600e+02	   1.9747727e+00	   2.1923390e+00	
   1.2403300e+02	   1.3742147e+00	   1.7734862e+00	
   1.2403300e+02	   2.0857423e+00	   1.7734862e+00	
   1.2403300e+02	   1.5272763e+00	   1.7734862e+00	
   1.0740000e+02	   1.3166079e+00	   1.5813861e+00	
   1.0515600e+02	   9.5419980e-01	   1.5615183e+00	
   1.0740000e+02	   3.1427717e+00	   1.5813861e+00	
   1.4146700e+02	   1.7858112e+00	   2.1160269e+00	
   1.4146700e+02	   2.8846542e+00	   2.1160269e+00	
   1.4073300e+02	   1.5869703e+00	   2.0971608e+00	
   1.4073300e+02	   2.4590038e+00	   2.0971608e+00	
   1.2197800e+02	   1.1218718e+00	   1.7444223e+00	
   1.4824400e+02	   1.5705510e+00	   2.3155625e+00	
   1.4824400e+02	   1.6206438e+00	   2.3155625e+00	
   1.6636700e+02	   1.9113217e+00	   3.1742761e+00	
   1.2232200e+02	   1.1238894e+00	   1.7491610e+00	
   1.6636700e+02	   3.9521891e+00	   3.1742761e+00	
   1.2998900e+02	   1.5330509e+00	   1.8691116e+00	
   1.2998900e+02	   1.7761405e+00	   1.8691116e+00	
   1.1254400e+02	   1.5830046e+00	   1.6315314e+00	
   1.1120000e+02	   1.6630836e+00	   1.6177605e+00	
   1.1120000e+02	   1.7095587e+00	   1.6177605e+00	
   1.6060000e+02	   1.6390808e+00	   2.8352061e+00	
   1.6060000e+02	   3.2132496e+00	   2.8352061e+00	
   1.3304400e+02	   2.0956913e+00	   1.9257899e+00	
   1.5062200e+02	   1.3902862e+00	   2.3979834e+00	
   1.5062200e+02	   1.4369004e+00	   2.3979834e+00	
   1.1555600e+02	   1.1634767e+00	   1.6643077e+00	
   1.0790000e+02	   1.6829121e+00	   1.5859690e+00	
   1.0790000e+02	   1.8564978e+00	   1.5859690e+00	
   1.3925600e+02	   1.2001419e+00	   2.0606335e+00	
   1.3925600e+02	   1.6561263e+00	   2.0606335e+00	
   1.5257800e+02	   1.9343505e+00	   2.4713817e+00	
   1.5257800e+02	   2.3110907e+00	   2.4713817e+00	
   1.2798900e+02	   1.5719424e+00	   1.8349558e+00	
   1.2657800e+02	   1.6067987e+00	   1.8121452e+00	
   1.2657800e+02	   2.7476641e+00	   1.8121452e+00	
   1.5612200e+02	   1.5322160e+00	   2.6187174e+00	
   1.5612200e+02	   1.5037604e+00	   2.6187174e+00	
   1.3797800e+02	   1.4094189e+00	   2.0305049e+00	
   1.3797800e+02	   1.2655410e+00	   2.0305049e+00	
   1.5597800e+02	   1.7141505e+00	   2.6123434e+00	
   1.5597800e+02	   2.9614633e+00	   2.6123434e+00	
   1.2756700e+02	   1.1858794e+00	   1.8280257e+00	
   1.4815600e+02	   1.5971976e+00	   2.3126474e+00	
   1.4815600e+02	   2.1361831e+00	   2.3126474e+00	
   1.1695600e+02	   1.8387566e+00	   1.6805155e+00	
   1.5225600e+02	   1.4446926e+00	   2.4589317e+00	
   1.5225600e+02	   2.1764661e+00	   2.4589317e+00	
   1.1416700e+02	   1.5656808e+00	   1.6488506e+00	
   1.5267800e+02	   1.3892426e+00	   2.4752785e+00	
   1.5267800e+02	   1.7487981e+00	   2.4752785e+00	
   1.5267800e+02	   1.6124342e+00	   2.4752785e+00	
   1.2257800e+02	   1.9347679e+00	   1.7527199e+00	
   1.1924400e+02	   1.4657038e+00	   1.7084570e+00	
   1.1924400e+02	   1.6644055e+00	   1.7084570e+00	
   1.4682200e+02	   1.6681625e+00	   2.2695791e+00	
   1.4682200e+02	   1.7303612e+00	   2.2695791e+00	
   1.1226700e+02	   1.4333521e+00	   1.6286519e+00	
   1.1226700e+02	   1.5505834e+00	   1.6286519e+00	
   1.1717800e+02	   1.9118087e+00	   1.6831459e+00	
   1.1295600e+02	   1.5840482e+00	   1.6358548e+00	
   1.1295600e+02	   1.1864360e+00	   1.6358548e+00	
   1.5707800e+02	   1.8259551e+00	   2.6619178e+00	
   1.5707800e+02	   1.4767659e+00	   2.6619178e+00	
   1.5707800e+02	   1.4208985e+00	   2.6619178e+00	
   1.1508900e+02	   1.4076795e+00	   1.6590433e+00	
   1.1508900e+02	   1.2626885e+00	   1.6590433e+00	
   1.4955600e+02	   1.2873870e+00	   2.3601492e+00	
   1.4955600e+02	   1.3112507e+00	   2.3601492e+00	
   1.4955600e+02	   1.6987748e+00	   2.3601492e+00	
   1.4955600e+02	   1.6200177e+00	   2.3601492e+00	
   1.1520000e+02	   2.0305010e+00	   1.6602883e+00	
   1.5284400e+02	   2.0482422e+00	   2.4817790e+00	
   1.5284400e+02	   1.3974522e+00	   2.4817790e+00	
   1.2747800e+02	   1.7970821e+00	   1.8265760e+00	
   1.2747800e+02	   1.5929536e+00	   1.8265760e+00	
   1.1763300e+02	   1.5075174e+00	   1.6885901e+00	
   1.1498900e+02	   1.3670486e+00	   1.6579250e+00	
   1.1763300e+02	   2.9881795e+00	   1.6885901e+00	
   1.5483300e+02	   1.8901714e+00	   2.5628651e+00	
   1.5483300e+02	   1.6835382e+00	   2.5628651e+00	
   1.1023300e+02	   1.4463624e+00	   1.6081562e+00	
   1.5677800e+02	   1.5854397e+00	   2.6481939e+00	
   1.5677800e+02	   2.1711089e+00	   2.6481939e+00	
   1.3615600e+02	   1.4517891e+00	   1.9897792e+00	
   1.3615600e+02	   1.6776245e+00	   1.9897792e+00	
   1.3615600e+02	   1.1737040e+00	   1.9897792e+00	
   1.1673300e+02	   1.2303368e+00	   1.6778902e+00	
   1.1673300e+02	   1.4895675e+00	   1.6778902e+00	
   1.5376700e+02	   1.4110886e+00	   2.5186625e+00	
   1.5376700e+02	   2.0279268e+00	   2.5186625e+00	
   1.1160000e+02	   1.4259078e+00	   1.6218067e+00	
   1.5528900e+02	   1.4613206e+00	   2.5823167e+00	
   1.5528900e+02	   2.9427480e+00	   2.5823167e+00	
   1.3354400e+02	   1.6293405e+00	   1.9356249e+00	
   1.6107800e+02	   1.4001656e+00	   2.8605574e+00	
   1.6107800e+02	   1.2951097e+00	   2.8605574e+00	
   1.1112200e+02	   1.5172577e+00	   1.6169766e+00	
   1.1112200e+02	   1.3295485e+00	   1.6169766e+00	
   1.2554400e+02	   1.9840259e+00	   1.7960656e+00	
   1.2554400e+02	   4.1305754e+00	   1.7960656e+00	
   1.3013300e+02	   2.7501687e+00	   1.8716574e+00	
   1.3293300e+02	   1.7528334e+00	   1.9236287e+00	
   1.3293300e+02	   2.1107888e+00	   1.9236287e+00	
   1.3135600e+02	   1.7345356e+00	   1.8937690e+00	
   1.2952200e+02	   1.6940438e+00	   1.8609372e+00	
   1.3135600e+02	   3.5171464e+00	   1.8937690e+00	
   1.3004400e+02	   1.9500045e+00	   1.8700825e+00	
   1.3004400e+02	   3.3377860e+00	   1.8700825e+00	
   1.3516700e+02	   2.1745180e+00	   1.9687103e+00	
   1.3516700e+02	   2.0697404e+00	   1.9687103e+00	
   1.3017800e+02	   1.9732421e+00	   1.8724554e+00	
   1.3258900e+02	   1.7467805e+00	   1.9169815e+00	
   1.3030000e+02	   2.0188822e+00	   1.8746248e+00	
   1.3030000e+02	   2.1994949e+00	   1.8746248e+00	
   1.2691100e+02	   2.1129455e+00	   1.8174365e+00	
   1.2666700e+02	   1.7150550e+00	   1.8135539e+00	
   1.2666700e+02	   2.2725470e+00	   1.8135539e+00	
   1.3278900e+02	   1.7187424e+00	   1.9208369e+00	
   1.3278900e+02	   2.5141756e+00	   1.9208369e+00	
   1.3321100e+02	   1.4360655e+00	   1.9290566e+00	
   1.3144400e+02	   2.0592348e+00	   1.8953946e+00	
   1.3433300e+02	   2.0525558e+00	   1.9514834e+00	
   1.2222200e+02	   1.3436024e+00	   1.7477784e+00	
   1.2222200e+02	   1.7988910e+00	   1.7477784e+00	
   1.3167800e+02	   1.2830735e+00	   1.8997400e+00	
   1.3147800e+02	   2.4352793e+00	   1.8960239e+00	
   1.3147800e+02	   2.2962716e+00	   1.8960239e+00	
   1.3062200e+02	   2.3097688e+00	   1.8803923e+00	
   1.3062200e+02	   2.1178852e+00	   1.8803923e+00	
   1.3584400e+02	   2.5554326e+00	   1.9830561e+00	
   1.3584400e+02	   4.7300202e+00	   1.9830561e+00	
   1.2741100e+02	   2.0762108e+00	   1.8254874e+00	
   1.3161100e+02	   2.2148011e+00	   1.8984924e+00	
   1.3161100e+02	   2.2751212e+00	   1.8984924e+00	
   1.3280000e+02	   1.1859489e+00	   1.9210497e+00	
   1.2841100e+02	   1.8495405e+00	   1.8419803e+00	
   1.2841100e+02	   1.7741229e+00	   1.8419803e+00	
   1.3528900e+02	   2.1056403e+00	   1.9712713e+00	
   1.3528900e+02	   2.5194632e+00	   1.9712713e+00	
   1.2970000e+02	   1.6812423e+00	   1.8640383e+00	
   1.2970000e+02	   2.3764202e+00	   1.8640383e+00	
   1.2198900e+02	   1.4644514e+00	   1.7445731e+00	
   1.3377800e+02	   2.2699032e+00	   1.9402845e+00	
   1.3377800e+02	   2.6584709e+00	   1.9402845e+00	
   1.3931100e+02	   2.0040631e+00	   2.0619603e+00	
   1.3931100e+02	   1.7164465e+00	   2.0619603e+00	
   1.3654400e+02	   1.6449945e+00	   1.9982404e+00	
   1.3654400e+02	   2.0739148e+00	   1.9982404e+00	
   1.2468900e+02	   1.6736588e+00	   1.7831586e+00	
   1.2468900e+02	   1.8744478e+00	   1.7831586e+00	
   1.2468900e+02	   1.6492385e+00	   1.7831586e+00	
   1.3671100e+02	   2.8863935e+00	   2.0019168e+00	
   1.3671100e+02	   2.0899167e+00	   2.0019168e+00	
   1.2071100e+02	   1.5901707e+00	   1.7273885e+00	
   1.2071100e+02	   2.4530901e+00	   1.7273885e+00	
   1.3554400e+02	   1.9500741e+00	   1.9766584e+00	
   1.3167800e+02	   1.8321471e+00	   1.8997400e+00	
   1.3167800e+02	   2.3205527e+00	   1.8997400e+00	
   1.3317800e+02	   2.3208310e+00	   1.9284096e+00	
   1.3317800e+02	   2.4377144e+00	   1.9284096e+00	
   1.2807800e+02	   2.0890123e+00	   1.8364293e+00	
   1.2677800e+02	   1.5750732e+00	   1.8153164e+00	
   1.2677800e+02	   1.6769983e+00	   1.8153164e+00	
   1.3564400e+02	   1.5658895e+00	   1.9787837e+00	
   1.3564400e+02	   3.1001927e+00	   1.9787837e+00	
   1.3322200e+02	   1.2781338e+00	   1.9292724e+00	
   1.4013300e+02	   2.0637571e+00	   2.0820951e+00	
   1.4013300e+02	   2.6190923e+00	   2.0820951e+00	
   1.3244400e+02	   2.0297357e+00	   1.9142023e+00	
   1.3564400e+02	   2.3326585e+00	   1.9787837e+00	
   1.4468900e+02	   2.7927477e+00	   2.2048796e+00	
   1.4468900e+02	   4.6687260e+00	   2.2048796e+00	
   1.5208900e+02	   2.4690224e+00	   2.4525327e+00	
   1.5208900e+02	   1.8767437e+00	   2.4525327e+00	
   1.4703300e+02	   2.3311974e+00	   2.2762535e+00	
   1.4966700e+02	   2.7375759e+00	   2.3640202e+00	
   1.4966700e+02	   2.6565229e+00	   2.3640202e+00	
   1.5153300e+02	   2.6806648e+00	   2.4315107e+00	
   1.5153300e+02	   2.7140601e+00	   2.4315107e+00	
   1.4881100e+02	   2.7595611e+00	   2.3345699e+00	
   1.4881100e+02	   3.1468069e+00	   2.3345699e+00	
   1.4894400e+02	   2.6586796e+00	   2.3390856e+00	
   1.4446700e+02	   2.5331691e+00	   2.1984258e+00	
   1.4446700e+02	   3.6898277e+00	   2.1984258e+00	
   1.4416700e+02	   2.0791328e+00	   2.1897853e+00	
   1.5261100e+02	   2.5326126e+00	   2.4726661e+00	
   1.5261100e+02	   2.5520931e+00	   2.4726661e+00	
   1.4962200e+02	   1.6695540e+00	   2.3624490e+00	
   1.5006700e+02	   2.8989167e+00	   2.3781011e+00	
   1.5513300e+02	   2.5983595e+00	   2.5756249e+00	
   1.4056700e+02	   2.4693703e+00	   2.0929609e+00	
   1.4056700e+02	   2.5106273e+00	   2.0929609e+00	
   1.4880000e+02	   2.3456687e+00	   2.3341974e+00	
   1.4880000e+02	   2.7555954e+00	   2.3341974e+00	
   1.5076700e+02	   2.5076357e+00	   2.4032449e+00	
   1.5076700e+02	   2.8729658e+00	   2.4032449e+00	
   1.4587800e+02	   2.7717365e+00	   2.2403324e+00	
   1.4587800e+02	   3.7271190e+00	   2.2403324e+00	
   1.5131100e+02	   2.3609053e+00	   2.4232366e+00	
   1.5131100e+02	   2.7967829e+00	   2.4232366e+00	
   1.5635600e+02	   2.7294358e+00	   2.6291488e+00	
   1.4367800e+02	   2.2377603e+00	   2.1758978e+00	
   1.5456700e+02	   2.2995415e+00	   2.5516703e+00	
   1.5456700e+02	   2.9460875e+00	   2.5516703e+00	
   1.4766700e+02	   2.2220367e+00	   2.2966178e+00	
   1.4766700e+02	   3.5352355e+00	   2.2966178e+00	
   1.5396700e+02	   2.6363466e+00	   2.5268225e+00	
   1.5396700e+02	   2.4841199e+00	   2.5268225e+00	
   1.5863300e+02	   2.1891285e+00	   2.7355910e+00	
   1.5863300e+02	   3.3876006e+00	   2.7355910e+00	
   1.5788900e+02	   3.2510279e+00	   2.6998027e+00	
   1.4140000e+02	   2.0972915e+00	   2.1142846e+00	
   1.5531100e+02	   1.7906813e+00	   2.5832635e+00	
   1.5010000e+02	   2.7468292e+00	   2.3792720e+00	
   1.3904400e+02	   2.9845617e+00	   2.0555430e+00	
   1.5077800e+02	   2.1825885e+00	   2.4036452e+00	
   1.5077800e+02	   2.0205520e+00	   2.4036452e+00	
   1.5228900e+02	   2.7639443e+00	   2.4602008e+00	
   1.5228900e+02	   2.9394085e+00	   2.4602008e+00	
   1.4617800e+02	   3.9926113e+00	   2.2495193e+00	
   1.4617800e+02	   3.1532773e+00	   2.2495193e+00	
   1.5361100e+02	   2.1276951e+00	   2.5123396e+00	
   1.5361100e+02	   2.6266063e+00	   2.5123396e+00	
   1.6122200e+02	   2.5036004e+00	   2.8682854e+00	
   1.6122200e+02	   3.2730132e+00	   2.8682854e+00	
   1.5383300e+02	   2.4350010e+00	   2.5213486e+00	
   1.5383300e+02	   2.6162398e+00	   2.5213486e+00	
   1.6084400e+02	   4.5073852e+00	   2.8480893e+00	
   1.6084400e+02	   5.0106100e+00	   2.8480893e+00	
   1.5598900e+02	   2.5989160e+00	   2.6128291e+00	
   1.5598900e+02	   2.6493568e+00	   2.6128291e+00	
   1.6694400e+02	   3.9311779e+00	   3.2125192e+00	
   1.6367800e+02	   2.7350713e+00	   3.0068424e+00	
   1.6367800e+02	   3.7872305e+00	   3.0068424e+00	
   1.5658900e+02	   2.8134806e+00	   2.6396269e+00	
   1.5658900e+02	   3.1753320e+00	   2.6396269e+00	
   1.6032200e+02	   3.1895946e+00	   2.8206725e+00	
   1.6032200e+02	   3.3425170e+00	   2.8206725e+00	
   1.5903300e+02	   3.0467603e+00	   2.7552517e+00	
   1.6195600e+02	   3.0448123e+00	   2.9083421e+00	
   1.6195600e+02	   2.8898722e+00	   2.9083421e+00	
   1.6178900e+02	   3.0748680e+00	   2.8991296e+00	
   1.6178900e+02	   2.8072885e+00	   2.8991296e+00	
   1.6287800e+02	   2.6325200e+00	   2.9602744e+00	
   1.6287800e+02	   2.9434437e+00	   2.9602744e+00	
   1.6407800e+02	   2.9757954e+00	   3.0306671e+00	
   1.6407800e+02	   3.4142473e+00	   3.0306671e+00	
   1.4883300e+02	   2.7985223e+00	   2.3353154e+00	
   1.4883300e+02	   3.0725025e+00	   2.3353154e+00	
   1.5665600e+02	   3.0155218e+00	   2.6426569e+00	
   1.5665600e+02	   3.3511441e+00	   2.6426569e+00	
   1.6544400e+02	   2.5753306e+00	   3.1148424e+00	
   1.5331100e+02	   2.8884807e+00	   2.5002827e+00	
   1.6367800e+02	   2.4515595e+00	   3.0068424e+00	
   1.5592200e+02	   3.1902903e+00	   2.6098739e+00	
   1.5312200e+02	   3.0830081e+00	   2.4927554e+00	
   1.5312200e+02	   3.2062922e+00	   2.4927554e+00	
   1.5701100e+02	   2.5367870e+00	   2.6588394e+00	
   1.5701100e+02	   2.7617875e+00	   2.6588394e+00	
   1.5877800e+02	   3.3305504e+00	   2.7426837e+00	
   1.5440000e+02	   3.3618584e+00	   2.5446985e+00	
   1.6336700e+02	   2.7841206e+00	   2.9885694e+00	
   1.5928900e+02	   2.5936285e+00	   2.7679915e+00	
   1.5747800e+02	   3.3420996e+00	   2.6804588e+00	
   1.6238900e+02	   3.8258438e+00	   2.9325035e+00	
   1.6238900e+02	   4.0411736e+00	   2.9325035e+00	
   1.6397800e+02	   2.1441144e+00	   3.0246766e+00	
   1.5531100e+02	   2.5886192e+00	   2.5832635e+00	
   1.5531100e+02	   3.5751706e+00	   2.5832635e+00	
   1.5291100e+02	   2.4432802e+00	   2.4844141e+00	
   1.6163300e+02	   2.6167268e+00	   2.8905768e+00	
   1.6373300e+02	   3.1935603e+00	   3.0100967e+00	
   1.6373300e+02	   3.1459025e+00	   3.0100967e+00	
   1.6233300e+02	   2.9068481e+00	   2.9293561e+00	
   1.6233300e+02	   2.5399873e+00	   2.9293561e+00	
   1.5542200e+02	   2.5716433e+00	   2.5880527e+00	
   1.5542200e+02	   2.9796915e+00	   2.5880527e+00	
   1.6414400e+02	   3.2734306e+00	   3.0346334e+00	
   1.6414400e+02	   3.0392464e+00	   3.0346334e+00	
   1.6021100e+02	   2.3867170e+00	   2.8149122e+00	
   1.6021100e+02	   3.0211573e+00	   2.8149122e+00	
   1.7153300e+02	   3.9958117e+00	   3.5491221e+00	
   1.7153300e+02	   3.4137602e+00	   3.5491221e+00	
   1.6647800e+02	   2.8742877e+00	   3.1815671e+00	
   1.7753300e+02	   3.1253087e+00	   4.0907798e+00	
   1.7384400e+02	   3.5074757e+00	   3.7428171e+00	
   1.7384400e+02	   3.8994525e+00	   3.7428171e+00	
   1.6893300e+02	   3.6827312e+00	   3.3510849e+00	
   1.6893300e+02	   4.0890401e+00	   3.3510849e+00	
   1.6947800e+02	   3.7980144e+00	   3.3909546e+00	
   1.6947800e+02	   3.5746836e+00	   3.3909546e+00	
   1.6727800e+02	   3.6951152e+00	   3.2350491e+00	
   1.7130000e+02	   3.4406852e+00	   3.5305460e+00	
   1.7890000e+02	   3.3736859e+00	   4.2331048e+00	
   1.7297800e+02	   3.6197672e+00	   3.6681763e+00	
   1.7297800e+02	   3.9693738e+00	   3.6681763e+00	
   1.7330000e+02	   3.4136211e+00	   3.6956346e+00	
   1.7330000e+02	   3.9490583e+00	   3.6956346e+00	
   1.7471100e+02	   3.9523283e+00	   3.8201240e+00	
   1.7471100e+02	   4.5436330e+00	   3.8201240e+00	
   1.5945600e+02	   3.9808534e+00	   2.7763691e+00	
   1.5945600e+02	   3.7796470e+00	   2.7763691e+00	
   1.6537800e+02	   3.4212742e+00	   3.1106729e+00	
   1.6537800e+02	   2.9228500e+00	   3.1106729e+00	
   1.7507800e+02	   3.8296007e+00	   3.8536480e+00	
   1.6320000e+02	   3.8881816e+00	   2.9788467e+00	
   1.6320000e+02	   3.7543223e+00	   2.9788467e+00	
   1.7860000e+02	   3.6277682e+00	   4.2012095e+00	
   1.7860000e+02	   3.7399205e+00	   4.2012095e+00	
   1.6971100e+02	   3.8830331e+00	   3.4082590e+00	
   1.6971100e+02	   4.0246151e+00	   3.4082590e+00	
   1.6997800e+02	   3.5099803e+00	   3.4282821e+00	
   1.6795600e+02	   4.3192586e+00	   3.2816878e+00	
   1.6795600e+02	   4.3379739e+00	   3.2816878e+00	
   1.7256700e+02	   3.3532313e+00	   3.6336272e+00	
   1.7256700e+02	   4.0726208e+00	   3.6336272e+00	
   1.7574400e+02	   4.3517494e+00	   3.9157321e+00	
   1.6458900e+02	   3.1326835e+00	   3.0616398e+00	
   1.6458900e+02	   3.4247528e+00	   3.0616398e+00	
   1.6366700e+02	   3.7616970e+00	   3.0061924e+00	
   1.7550000e+02	   3.3270717e+00	   3.8927979e+00	
   1.7550000e+02	   3.6968546e+00	   3.8927979e+00	
   1.6940000e+02	   2.6394078e+00	   3.3851966e+00	
   1.6586700e+02	   3.0914265e+00	   3.1418179e+00	
   1.6586700e+02	   3.7573139e+00	   3.1418179e+00	
   1.7402200e+02	   3.4162649e+00	   3.7584751e+00	
   1.7402200e+02	   3.4483382e+00	   3.7584751e+00	
   1.7205600e+02	   2.9243806e+00	   3.5914386e+00	
   1.7205600e+02	   3.1006102e+00	   3.5914386e+00	
