   2.4377800e+01	   1.1483092e+00	   8.2994641e-01	
   2.4377800e+01	   7.4640437e-01	   8.2994641e-01	
   2.4377800e+01	   1.8443663e+00	   8.2994641e-01	
   2.5900000e+01	   9.4497052e-01	   8.4228074e-01	
   2.5900000e+01	   1.4113388e+00	   8.4228074e-01	
   2.5900000e+01	   1.0034514e+00	   8.4228074e-01	
   2.6633300e+01	   9.9491455e-01	   8.4828790e-01	
   2.3500000e+01	   1.1421923e+00	   8.2291591e-01	
   2.3500000e+01	   1.0176347e+00	   8.2291591e-01	
   2.3500000e+01	   7.7322492e-01	   8.2291591e-01	
   2.6111100e+01	   1.2006732e+00	   8.4400569e-01	
   2.6111100e+01	   7.8586217e-01	   8.4400569e-01	
   2.6111100e+01	   1.0283226e+00	   8.4400569e-01	
   2.6111100e+01	   9.8745319e-01	   8.4400569e-01	
   2.5822200e+01	   1.1521408e+00	   8.4164591e-01	
   2.3866700e+01	   1.0047958e+00	   8.2584562e-01	
   2.3866700e+01	   1.3403551e+00	   8.2584562e-01	
   2.3866700e+01	   9.4355891e-01	   8.2584562e-01	
   2.3866700e+01	   7.9755835e-01	   8.2584562e-01	
   2.5711100e+01	   9.4631491e-01	   8.4074019e-01	
   2.5711100e+01	   9.8785651e-01	   8.4074019e-01	
   2.5711100e+01	   7.3732975e-01	   8.4074019e-01	
   2.4588900e+01	   1.3935257e+00	   8.3164610e-01	
   2.8455600e+01	   1.1774825e+00	   8.6340228e-01	
   2.8455600e+01	   1.1952284e+00	   8.6340228e-01	
   2.8455600e+01	   1.0040564e+00	   8.6340228e-01	
   2.8455600e+01	   9.8173954e-01	   8.6340228e-01	
   2.8477800e+01	   9.8462998e-01	   8.6358806e-01	
   2.8477800e+01	   9.9168801e-01	   8.6358806e-01	
   2.8477800e+01	   9.4705432e-01	   8.6358806e-01	
   2.5322200e+01	   9.4658379e-01	   8.3757741e-01	
   2.5322200e+01	   1.8789171e+00	   8.3757741e-01	
   2.5322200e+01	   1.1690800e+00	   8.3757741e-01	
   2.6422200e+01	   9.9188967e-01	   8.4655420e-01	
   2.6422200e+01	   9.5431402e-01	   8.4655420e-01	
   2.6422200e+01	   2.0573174e+00	   8.4655420e-01	
   2.5266700e+01	   9.9558674e-01	   8.3712702e-01	
   2.5266700e+01	   1.3542023e+00	   8.3712702e-01	
   2.7022200e+01	   1.1669962e+00	   8.5149112e-01	
   2.7022200e+01	   9.9128470e-01	   8.5149112e-01	
   2.7022200e+01	   7.6246981e-01	   8.5149112e-01	
   2.7022200e+01	   1.2436936e+00	   8.5149112e-01	
   2.7111100e+01	   8.2868094e-01	   8.5222505e-01	
   2.5177800e+01	   1.7413861e+00	   8.3640609e-01	
   2.5177800e+01	   2.4099504e+00	   8.3640609e-01	
   2.5177800e+01	   7.3766585e-01	   8.3640609e-01	
   2.4811100e+01	   9.3266937e-01	   8.3343892e-01	
   2.4811100e+01	   7.4398447e-01	   8.3343892e-01	
   2.4811100e+01	   2.0187334e+00	   8.3343892e-01	
   2.4733300e+01	   9.5384348e-01	   8.3281075e-01	
   2.4733300e+01	   9.8274783e-01	   8.3281075e-01	
   2.4733300e+01	   9.4725598e-01	   8.3281075e-01	
   2.4733300e+01	   9.9229299e-01	   8.3281075e-01	
   2.5100000e+01	   7.4734544e-01	   8.3577569e-01	
   2.5100000e+01	   7.6482249e-01	   8.3577569e-01	
   2.5100000e+01	   1.9524551e+00	   8.3577569e-01	
   2.4122200e+01	   9.3522371e-01	   8.2789307e-01	
   2.4122200e+01	   1.0638817e+00	   8.2789307e-01	
   2.4122200e+01	   7.5830221e-01	   8.2789307e-01	
   2.4122200e+01	   1.0378005e+00	   8.2789307e-01	
   2.6522200e+01	   1.0569581e+00	   8.4737503e-01	
   2.6522200e+01	   1.0062074e+00	   8.4737503e-01	
   2.6522200e+01	   1.0062074e+00	   8.4737503e-01	
   2.6522200e+01	   8.1059891e-01	   8.4737503e-01	
   2.4288900e+01	   9.3952575e-01	   8.2923166e-01	
   2.4288900e+01	   9.9121748e-01	   8.2923166e-01	
   2.4288900e+01	   9.4691988e-01	   8.2923166e-01	
   2.4288900e+01	   1.0080223e+00	   8.2923166e-01	
   2.7211100e+01	   7.6428474e-01	   8.5305138e-01	
   2.7211100e+01	   1.0372628e+00	   8.5305138e-01	
   2.7211100e+01	   8.6222342e-01	   8.5305138e-01	
   2.7211100e+01	   1.0027792e+00	   8.5305138e-01	
   2.5688900e+01	   9.4893647e-01	   8.4055932e-01	
   2.5688900e+01	   1.1928085e+00	   8.4055932e-01	
   2.6666700e+01	   9.6923673e-01	   8.4856253e-01	
   2.6666700e+01	   8.4313311e-01	   8.4856253e-01	
   2.6666700e+01	   9.9115026e-01	   8.4856253e-01	
   2.6666700e+01	   9.8792373e-01	   8.4856253e-01	
   2.6322200e+01	   9.5928826e-01	   8.4573417e-01	
   2.6322200e+01	   1.0299359e+00	   8.4573417e-01	
   2.6066700e+01	   9.8429388e-01	   8.4364260e-01	
   2.5900000e+01	   9.5619616e-01	   8.4228074e-01	
   2.6066700e+01	   2.2109810e+00	   8.4364260e-01	
   2.3666700e+01	   9.4449999e-01	   8.2424645e-01	
   2.3666700e+01	   9.9121748e-01	   8.2424645e-01	
   2.3666700e+01	   9.5014642e-01	   8.2424645e-01	
   2.5233300e+01	   9.9888049e-01	   8.3685609e-01	
   2.4377800e+01	   1.3667051e+00	   8.2994641e-01	
   2.6077800e+01	   2.0033402e+00	   8.4373335e-01	
   2.6077800e+01	   1.7721054e+00	   8.4373335e-01	
   2.6488900e+01	   1.1505947e+00	   8.4710161e-01	
   2.7766700e+01	   7.5245412e-01	   8.5765706e-01	
   2.6488900e+01	   1.9941984e+00	   8.4710161e-01	
   2.6388900e+01	   1.3723516e+00	   8.4628105e-01	
   2.8955600e+01	   1.0017709e+00	   8.6759623e-01	
   2.8955600e+01	   9.8839426e-01	   8.6759623e-01	
   2.8955600e+01	   9.7568979e-01	   8.6759623e-01	
   2.8955600e+01	   1.2264182e+00	   8.6759623e-01	
   2.6133300e+01	   9.3629922e-01	   8.4418730e-01	
   2.6133300e+01	   1.2781772e+00	   8.4418730e-01	
   2.6133300e+01	   9.7145497e-01	   8.4418730e-01	
   3.4533300e+01	   1.3601176e+00	   9.1578549e-01	
   3.4533300e+01	   1.8186885e+00	   9.1578549e-01	
   3.5188900e+01	   9.7118609e-01	   9.2162263e-01	
   3.5188900e+01	   9.6735459e-01	   9.2162263e-01	
   3.5188900e+01	   1.0820981e+00	   9.2162263e-01	
   3.5188900e+01	   1.2574064e+00	   9.2162263e-01	
   3.6677800e+01	   9.9652781e-01	   9.3501762e-01	
   3.3233300e+01	   9.4194565e-01	   9.0432005e-01	
   3.3233300e+01	   1.0978947e+00	   9.0432005e-01	
   3.3233300e+01	   9.9666225e-01	   9.0432005e-01	
   3.6333300e+01	   7.8250120e-01	   9.3190109e-01	
   3.6333300e+01	   1.0522527e+00	   9.3190109e-01	
   3.6333300e+01	   1.5795890e+00	   9.3190109e-01	
   3.6233300e+01	   1.1682062e+00	   9.3099839e-01	
   3.6233300e+01	   1.2324680e+00	   9.3099839e-01	
   3.3433300e+01	   9.5041529e-01	   9.0607458e-01	
   3.3433300e+01	   1.5084036e+00	   9.0607458e-01	
   3.3433300e+01	   9.9000753e-01	   9.0607458e-01	
   3.3433300e+01	   7.4445501e-01	   9.0607458e-01	
   3.5988900e+01	   1.2822103e+00	   9.2879585e-01	
   3.6288900e+01	   9.6527078e-01	   9.3150018e-01	
   3.6288900e+01	   1.0252305e+00	   9.3150018e-01	
   3.9455600e+01	   9.5505343e-01	   9.6053089e-01	
   3.9455600e+01	   9.9995600e-01	   9.6053089e-01	
   3.9455600e+01	   9.9249465e-01	   9.6053089e-01	
   3.9455600e+01	   1.2418787e+00	   9.6053089e-01	
   3.9011100e+01	   9.9941825e-01	   9.5640199e-01	
   3.9011100e+01	   1.0146098e+00	   9.5640199e-01	
   3.9011100e+01	   9.9195689e-01	   9.5640199e-01	
   3.5466700e+01	   9.5364183e-01	   9.2410723e-01	
   3.5466700e+01	   1.0006954e+00	   9.2410723e-01	
   3.5466700e+01	   9.6775790e-01	   9.2410723e-01	
   3.5466700e+01	   8.7707891e-01	   9.2410723e-01	
   3.7455600e+01	   9.9565396e-01	   9.4209239e-01	
   3.7455600e+01	   1.5810678e+00	   9.4209239e-01	
   3.7455600e+01	   1.1718360e+00	   9.4209239e-01	
   3.5222200e+01	   1.0005610e+00	   9.2192011e-01	
   3.6111100e+01	   9.4987754e-01	   9.2989647e-01	
   3.6111100e+01	   1.1220937e+00	   9.2989647e-01	
   3.6111100e+01	   1.0001577e+00	   9.2989647e-01	
   3.6655600e+01	   1.0345068e+00	   9.3481647e-01	
   3.6655600e+01	   1.0122572e+00	   9.3481647e-01	
   3.6655600e+01	   1.0146098e+00	   9.3481647e-01	
   3.6655600e+01	   1.3992393e+00	   9.3481647e-01	
   3.7155600e+01	   1.2133776e+00	   9.3935730e-01	
   3.5133300e+01	   1.1405790e+00	   9.2112615e-01	
   3.5133300e+01	   9.6547244e-01	   9.2112615e-01	
   3.5133300e+01	   2.4719267e+00	   9.2112615e-01	
   3.4900000e+01	   9.8436110e-01	   9.1904584e-01	
   3.4900000e+01	   9.9256187e-01	   9.1904584e-01	
   3.4900000e+01	   1.0736957e+00	   9.1904584e-01	
   3.4900000e+01	   9.9108304e-01	   9.1904584e-01	
   3.5733300e+01	   9.4718876e-01	   9.2649796e-01	
   3.5733300e+01	   1.0964159e+00	   9.2649796e-01	
   3.5733300e+01	   9.8355446e-01	   9.2649796e-01	
   3.5733300e+01	   1.0788716e+00	   9.2649796e-01	
   3.5733300e+01	   1.0269782e+00	   9.2649796e-01	
   3.4755600e+01	   9.9720001e-01	   9.1776059e-01	
   3.4755600e+01	   1.0018381e+00	   9.1776059e-01	
   3.4755600e+01	   1.0020398e+00	   9.1776059e-01	
   3.4600000e+01	   9.5686836e-01	   9.1637766e-01	
   3.4600000e+01	   1.3025778e+00	   9.1637766e-01	
   3.4600000e+01	   1.2184191e+00	   9.1637766e-01	
   3.4600000e+01	   1.0051991e+00	   9.1637766e-01	
   3.6355600e+01	   9.8415944e-01	   9.3210251e-01	
   3.6355600e+01	   1.0749729e+00	   9.3210251e-01	
   3.6355600e+01	   9.8973865e-01	   9.3210251e-01	
   3.2766700e+01	   9.5451568e-01	   9.0023994e-01	
   3.2766700e+01	   1.1013229e+00	   9.0023994e-01	
   3.2766700e+01	   9.8563827e-01	   9.0023994e-01	
   3.2766700e+01	   1.0432453e+00	   9.0023994e-01	
   3.6677800e+01	   8.0791014e-01	   9.3501762e-01	
   3.6677800e+01	   1.1636353e+00	   9.3501762e-01	
   3.4244400e+01	   1.1569133e+00	   9.1322502e-01	
   3.4244400e+01	   9.8684822e-01	   9.1322502e-01	
   3.5900000e+01	   9.9518342e-01	   9.2799598e-01	
   3.5900000e+01	   1.0610584e+00	   9.2799598e-01	
   3.5900000e+01	   9.8617602e-01	   9.2799598e-01	
   3.5900000e+01	   1.0486229e+00	   9.2799598e-01	
   3.6700000e+01	   9.9417513e-01	   9.3521881e-01	
   3.6700000e+01	   1.2385177e+00	   9.3521881e-01	
   3.6333300e+01	   1.9562194e+00	   9.3190109e-01	
   3.3500000e+01	   9.5727167e-01	   9.0666047e-01	
   3.3500000e+01	   9.9840996e-01	   9.0666047e-01	
   3.3500000e+01	   7.5682338e-01	   9.0666047e-01	
   3.4433300e+01	   1.0925171e+00	   9.1489840e-01	
   3.6077800e+01	   1.1742559e+00	   9.2959642e-01	
   3.6077800e+01	   2.0317740e+00	   9.2959642e-01	
   3.6077800e+01	   1.5639941e+00	   9.2959642e-01	
   3.5666700e+01	   1.3890892e+00	   9.2590015e-01	
   3.5666700e+01	   1.1895820e+00	   9.2590015e-01	
   3.5666700e+01	   1.0439175e+00	   9.2590015e-01	
   3.7666700e+01	   1.2294431e+00	   9.4402174e-01	
   3.9533300e+01	   9.7851301e-01	   9.6125447e-01	
   3.9533300e+01	   1.2727324e+00	   9.6125447e-01	
   3.9533300e+01	   9.9982156e-01	   9.6125447e-01	
   3.5088900e+01	   1.0154165e+00	   9.2072988e-01	
   3.5088900e+01	   1.0827031e+00	   9.2072988e-01	
   3.5088900e+01	   9.9491455e-01	   9.2072988e-01	
   3.5088900e+01	   1.2540454e+00	   9.2072988e-01	
   4.4511100e+01	   1.3648902e+00	   1.0087639e+00	
   4.4511100e+01	   1.0240878e+00	   1.0087639e+00	
   4.4511100e+01	   1.1583249e+00	   1.0087639e+00	
   4.5211100e+01	   1.2043030e+00	   1.0156306e+00	
   4.5211100e+01	   1.1867588e+00	   1.0156306e+00	
   4.5211100e+01	   1.0263060e+00	   1.0156306e+00	
   4.1477800e+01	   1.3646213e+00	   9.7954100e-01	
   4.1477800e+01	   1.0675115e+00	   9.7954100e-01	
   4.5700000e+01	   1.0462702e+00	   1.0204542e+00	
   4.5700000e+01	   1.1968417e+00	   1.0204542e+00	
   4.5700000e+01	   9.7031224e-01	   1.0204542e+00	
   4.5700000e+01	   1.3111819e+00	   1.0204542e+00	
   4.5644400e+01	   1.0236845e+00	   1.0199045e+00	
   4.1855600e+01	   9.4833149e-01	   9.8313408e-01	
   4.1855600e+01	   1.1677357e+00	   9.8313408e-01	
   4.1855600e+01	   2.1328720e+00	   9.8313408e-01	
   4.6700000e+01	   1.1831289e+00	   1.0303919e+00	
   4.6700000e+01	   1.0541348e+00	   1.0303919e+00	
   4.8777800e+01	   1.1829272e+00	   1.0513511e+00	
   4.8777800e+01	   1.6751750e+00	   1.0513511e+00	
   4.8777800e+01	   1.0019726e+00	   1.0513511e+00	
   4.8166700e+01	   9.8442832e-01	   1.0451429e+00	
   4.8166700e+01	   1.0039892e+00	   1.0451429e+00	
   4.8166700e+01	   9.8489885e-01	   1.0451429e+00	
   4.8166700e+01	   1.0535299e+00	   1.0451429e+00	
   4.4844400e+01	   9.6184259e-01	   1.0120277e+00	
   4.4844400e+01	   1.1058938e+00	   1.0120277e+00	
   4.4844400e+01	   1.2356945e+00	   1.0120277e+00	
   4.4844400e+01	   1.0394810e+00	   1.0120277e+00	
   4.6844400e+01	   1.1975139e+00	   1.0318349e+00	
   4.6844400e+01	   9.7804247e-01	   1.0318349e+00	
   4.4866700e+01	   9.5310407e-01	   1.0122464e+00	
   4.4611100e+01	   1.1802385e+00	   1.0097420e+00	
   4.4611100e+01	   1.0088290e+00	   1.0097420e+00	
   4.6355600e+01	   1.2147220e+00	   1.0269585e+00	
   4.6355600e+01	   1.0543365e+00	   1.0269585e+00	
   4.6355600e+01	   1.1595349e+00	   1.0269585e+00	
   4.6355600e+01	   9.0242063e-01	   1.0269585e+00	
   4.5088900e+01	   9.7831135e-01	   1.0144285e+00	
   4.5088900e+01	   2.4288391e+00	   1.0144285e+00	
   4.5088900e+01	   1.7831966e+00	   1.0144285e+00	
   4.3866700e+01	   9.8960421e-01	   1.0024837e+00	
   4.3866700e+01	   1.2840252e+00	   1.0024837e+00	
   4.3866700e+01	   9.9760332e-01	   1.0024837e+00	
   4.4122200e+01	   1.1657863e+00	   1.0049691e+00	
   4.4122200e+01	   1.1221609e+00	   1.0049691e+00	
   4.4122200e+01	   1.1947579e+00	   1.0049691e+00	
   4.4122200e+01	   1.6092328e+00	   1.0049691e+00	
   4.4000000e+01	   9.8429388e-01	   1.0037796e+00	
   4.4000000e+01	   1.0387416e+00	   1.0037796e+00	
   4.4000000e+01	   1.0905678e+00	   1.0037796e+00	
   4.3733300e+01	   1.1579216e+00	   1.0011885e+00	
   4.3733300e+01	   1.2279643e+00	   1.0011885e+00	
   4.3733300e+01	   1.0131982e+00	   1.0011885e+00	
   4.3733300e+01	   1.5826811e+00	   1.0011885e+00	
   4.5811100e+01	   1.2169403e+00	   1.0215536e+00	
   4.5811100e+01	   9.7495038e-01	   1.0215536e+00	
   4.1766700e+01	   9.6130484e-01	   9.8228741e-01	
   4.1766700e+01	   1.0837114e+00	   9.8228741e-01	
   4.1766700e+01	   1.2248722e+00	   9.8228741e-01	
   4.1766700e+01	   8.1012838e-01	   9.8228741e-01	
   4.6744400e+01	   8.4622520e-01	   1.0308354e+00	
   4.6744400e+01	   1.1795663e+00	   1.0308354e+00	
   4.3700000e+01	   1.1635008e+00	   1.0008654e+00	
   4.3700000e+01	   8.6114791e-01	   1.0008654e+00	
   4.5400000e+01	   9.5310407e-01	   1.0174917e+00	
   4.5400000e+01	   1.1370836e+00	   1.0174917e+00	
   4.5400000e+01	   1.0567564e+00	   1.0174917e+00	
   4.5400000e+01	   1.0233484e+00	   1.0174917e+00	
   4.6277800e+01	   1.1561067e+00	   1.0261845e+00	
   4.6277800e+01	   1.1737182e+00	   1.0261845e+00	
   4.6277800e+01	   1.3669740e+00	   1.0261845e+00	
   4.5977800e+01	   2.2501699e+00	   1.0232053e+00	
   4.1544400e+01	   1.1553673e+00	   9.8017345e-01	
   4.1544400e+01	   1.0126605e+00	   9.8017345e-01	
   4.2666700e+01	   1.2073279e+00	   9.9089265e-01	
   4.2666700e+01	   1.0541348e+00	   9.9089265e-01	
   4.6288900e+01	   1.1979172e+00	   1.0262949e+00	
   4.6288900e+01	   2.1972682e+00	   1.0262949e+00	
   4.6288900e+01	   9.8348725e-01	   1.0262949e+00	
   4.4166700e+01	   9.5989323e-01	   1.0054026e+00	
   4.4166700e+01	   1.1349326e+00	   1.0054026e+00	
   4.4166700e+01	   9.9961990e-01	   1.0054026e+00	
   4.4166700e+01	   1.7067681e+00	   1.0054026e+00	
   4.8477800e+01	   1.1780202e+00	   1.0482988e+00	
   5.0266700e+01	   9.9182245e-01	   1.0666315e+00	
   5.0266700e+01	   1.8493405e+00	   1.0666315e+00	
   5.0266700e+01	   1.6162236e+00	   1.0666315e+00	
   4.4066700e+01	   1.1739198e+00	   1.0044287e+00	
   4.4066700e+01	   1.2430886e+00	   1.0044287e+00	
   4.8555600e+01	   7.6986395e-01	   1.0490895e+00	
   9.9311100e+01	   1.0675787e+00	   1.7156887e+00	
   9.9311100e+01	   1.8735395e+00	   1.7156887e+00	
   7.7288900e+01	   1.0220712e+00	   1.3859538e+00	
   7.7288900e+01	   1.2794543e+00	   1.3859538e+00	
   7.7288900e+01	   1.2730685e+00	   1.3859538e+00	
   6.0011100e+01	   1.2426181e+00	   1.1722705e+00	
   6.0011100e+01	   1.0624028e+00	   1.1722705e+00	
   1.0371100e+02	   1.5865798e+00	   1.7904299e+00	
   1.0371100e+02	   1.2858402e+00	   1.7904299e+00	
   8.2677800e+01	   1.0319524e+00	   1.4602601e+00	
   8.2677800e+01	   1.6864679e+00	   1.4602601e+00	
   5.7500000e+01	   9.9847717e-01	   1.1440864e+00	
   5.7500000e+01	   1.0116522e+00	   1.1440864e+00	
   1.1141100e+02	   1.2360306e+00	   1.9291501e+00	
   1.1141100e+02	   1.0603190e+00	   1.9291501e+00	
   1.1141100e+02	   1.0189791e+00	   1.9291501e+00	
   6.0822200e+01	   1.0874757e+00	   1.1815217e+00	
   9.6266700e+01	   1.0409598e+00	   1.6658076e+00	
   9.6266700e+01	   1.1254546e+00	   1.6658076e+00	
   9.8822200e+01	   1.4212201e+00	   1.7075788e+00	
   5.6366700e+01	   1.1874982e+00	   1.1315893e+00	
   5.6366700e+01	   1.2195618e+00	   1.1315893e+00	
   5.6366700e+01	   1.6431786e+00	   1.1315893e+00	
   5.7400000e+01	   1.2389882e+00	   1.1429781e+00	
   5.7400000e+01	   1.2775050e+00	   1.1429781e+00	
   1.0402200e+02	   1.0400188e+00	   1.7958344e+00	
   1.0402200e+02	   1.1257907e+00	   1.7958344e+00	
   1.0402200e+02	   1.2245361e+00	   1.7958344e+00	
   5.7122200e+01	   1.0282554e+00	   1.1399051e+00	
   5.7122200e+01	   1.1870949e+00	   1.1399051e+00	
   5.7122200e+01	   1.0305408e+00	   1.1399051e+00	
   5.7133300e+01	   1.0534627e+00	   1.1400277e+00	
   5.7133300e+01	   1.2932343e+00	   1.1400277e+00	
   9.8866700e+01	   1.2497433e+00	   1.7083153e+00	
   9.8866700e+01	   1.6410948e+00	   1.7083153e+00	
   6.0466700e+01	   1.1915986e+00	   1.1774580e+00	
   6.0466700e+01	   1.0566220e+00	   1.1774580e+00	
   6.0466700e+01	   1.2541126e+00	   1.1774580e+00	
   5.6311100e+01	   1.3213992e+00	   1.1309797e+00	
   1.0328900e+02	   1.1731132e+00	   1.7831224e+00	
   1.0328900e+02	   1.2610362e+00	   1.7831224e+00	
   1.0328900e+02	   1.2278298e+00	   1.7831224e+00	
   1.0328900e+02	   1.8381821e+00	   1.7831224e+00	
   5.8966700e+01	   9.7192551e-01	   1.1604650e+00	
   5.8966700e+01	   1.1099270e+00	   1.1604650e+00	
   9.8522200e+01	   1.4410498e+00	   1.7026213e+00	
   9.8522200e+01	   1.2307202e+00	   1.7026213e+00	
   9.8522200e+01	   1.0585041e+00	   1.7026213e+00	
   9.8522200e+01	   2.1151933e+00	   1.7026213e+00	
   5.4900000e+01	   1.0334313e+00	   1.1156183e+00	
   9.9011100e+01	   1.0047286e+00	   1.7107077e+00	
   9.9011100e+01	   1.3124591e+00	   1.7107077e+00	
   9.9011100e+01	   1.2196963e+00	   1.7107077e+00	
   9.9011100e+01	   1.0437831e+00	   1.7107077e+00	
   5.7022200e+01	   1.2324680e+00	   1.1388009e+00	
   5.7022200e+01	   1.8388543e+00	   1.1388009e+00	
   9.4622200e+01	   1.1764742e+00	   1.6394692e+00	
   9.4622200e+01	   1.2425509e+00	   1.6394692e+00	
   9.4622200e+01	   1.1950940e+00	   1.6394692e+00	
   9.4622200e+01	   1.0462030e+00	   1.6394692e+00	
   5.9511100e+01	   1.2267543e+00	   1.1666038e+00	
   5.9511100e+01	   1.0818292e+00	   1.1666038e+00	
   1.0293300e+02	   1.0347084e+00	   1.7769810e+00	
   1.0293300e+02	   1.4653832e+00	   1.7769810e+00	
   1.0293300e+02	   1.0413632e+00	   1.7769810e+00	
   5.4333300e+01	   1.2589524e+00	   1.1095080e+00	
   5.4333300e+01	   1.1128846e+00	   1.1095080e+00	
   5.4333300e+01	   9.9881327e-01	   1.1095080e+00	
   5.4233300e+01	   3.0440312e+00	   1.1084332e+00	
   6.3844400e+01	   1.2073951e+00	   1.2166395e+00	
   1.0416700e+02	   1.2254771e+00	   1.7983598e+00	
   1.0416700e+02	   1.0646883e+00	   1.7983598e+00	
   1.0416700e+02	   1.0997768e+00	   1.7983598e+00	
   1.0416700e+02	   1.2990824e+00	   1.7983598e+00	
   6.1366700e+01	   1.2548520e+00	   1.1877730e+00	
   6.1366700e+01	   2.2746377e+00	   1.1877730e+00	
   6.2133300e+01	   1.8036313e+00	   1.1966304e+00	
   6.2133300e+01	   9.9558674e-01	   1.1966304e+00	
   5.9100000e+01	   1.2172091e+00	   1.1619651e+00	
   5.9100000e+01	   1.2583474e+00	   1.1619651e+00	
   6.8400000e+01	   1.4233039e+00	   1.2715577e+00	
   6.8400000e+01	   1.1913297e+00	   1.2715577e+00	
   6.0911100e+01	   1.6519171e+00	   1.1825401e+00	
   6.0911100e+01	   1.2194274e+00	   1.1825401e+00	
   6.0911100e+01	   1.0486229e+00	   1.1825401e+00	
   6.2033300e+01	   1.0767878e+00	   1.1954712e+00	
   6.2033300e+01	   1.5290400e+00	   1.1954712e+00	
   1.1535600e+02	   1.2502139e+00	   2.0043346e+00	
   1.1535600e+02	   1.0650244e+00	   2.0043346e+00	
   8.9766700e+01	   1.1979844e+00	   1.5641084e+00	
   8.9766700e+01	   1.3161561e+00	   1.5641084e+00	
   8.9766700e+01	   1.2244016e+00	   1.5641084e+00	
   6.9855600e+01	   1.2674893e+00	   1.2896224e+00	
   1.1993300e+02	   1.2754212e+00	   2.0952433e+00	
   1.1993300e+02	   1.3448588e+00	   2.0952433e+00	
   9.5611100e+01	   1.0109800e+00	   1.6552571e+00	
   9.5611100e+01	   1.5957217e+00	   1.6552571e+00	
   9.5611100e+01	   1.0365234e+00	   1.6552571e+00	
   6.6488900e+01	   1.2045047e+00	   1.2482236e+00	
   6.6488900e+01	   1.4638372e+00	   1.2482236e+00	
   1.3017800e+02	   1.0663688e+00	   2.3139548e+00	
   1.3017800e+02	   1.4434697e+00	   2.3139548e+00	
   1.3017800e+02	   9.9726723e-01	   2.3139548e+00	
   7.0833300e+01	   1.3364564e+00	   1.3019000e+00	
   1.1211100e+02	   1.0313475e+00	   1.9422819e+00	
   1.1211100e+02	   1.3332971e+00	   1.9422819e+00	
   6.5544400e+01	   1.2618428e+00	   1.2368501e+00	
   6.5544400e+01	   1.2951837e+00	   1.2368501e+00	
   6.7300000e+01	   1.2273593e+00	   1.2580742e+00	
   6.7300000e+01	   1.2549192e+00	   1.2580742e+00	
   6.7300000e+01	   1.2258132e+00	   1.2580742e+00	
   6.7300000e+01	   1.2938393e+00	   1.2580742e+00	
   1.2225600e+02	   1.2284348e+00	   2.1429487e+00	
   1.2225600e+02	   1.9515812e+00	   2.1429487e+00	
   1.2225600e+02	   1.2268215e+00	   2.1429487e+00	
   6.7133300e+01	   9.9101582e-01	   1.2560433e+00	
   6.7133300e+01	   1.3689906e+00	   1.2560433e+00	
   6.5511100e+01	   1.7397057e+00	   1.2364510e+00	
   1.1588900e+02	   1.0859296e+00	   2.0147148e+00	
   1.1588900e+02	   1.2668171e+00	   2.0147148e+00	
   7.0266700e+01	   1.0432453e+00	   1.2947707e+00	
   7.0266700e+01	   1.3516480e+00	   1.2947707e+00	
   7.0266700e+01	   1.3453966e+00	   1.2947707e+00	
   6.5411100e+01	   1.6989707e+00	   1.2352533e+00	
   1.2004400e+02	   2.2550769e+00	   2.0974984e+00	
   1.2137800e+02	   2.2951397e+00	   2.1247916e+00	
   6.7833300e+01	   1.0133999e+00	   1.2645933e+00	
   6.7833300e+01	   1.3596471e+00	   1.2645933e+00	
   6.7833300e+01	   1.2793871e+00	   1.2645933e+00	
   1.1555600e+02	   1.2024209e+00	   2.0082233e+00	
   1.1555600e+02	   1.4654504e+00	   2.0082233e+00	
   1.1555600e+02	   1.2270904e+00	   2.0082233e+00	
   1.1555600e+02	   1.3470771e+00	   2.0082233e+00	
   6.3088900e+01	   1.0568236e+00	   1.2077639e+00	
   6.3088900e+01	   1.2730685e+00	   1.2077639e+00	
   1.1510000e+02	   1.0897611e+00	   1.9993680e+00	
   1.1898900e+02	   1.6645543e+00	   2.0761620e+00	
   1.1510000e+02	   1.0138032e+00	   1.9993680e+00	
   1.1510000e+02	   1.4940187e+00	   1.9993680e+00	
   6.6322200e+01	   1.3195171e+00	   1.2462087e+00	
   6.6322200e+01	   1.2607001e+00	   1.2462087e+00	
   1.1614400e+02	   1.3037878e+00	   2.0196999e+00	
   1.1067800e+02	   1.6861318e+00	   1.9154944e+00	
   1.1067800e+02	   1.0307425e+00	   1.9154944e+00	
   1.1067800e+02	   1.3283228e+00	   1.9154944e+00	
   6.9533300e+01	   1.2572047e+00	   1.2856005e+00	
   6.9533300e+01	   1.2594229e+00	   1.2856005e+00	
   1.2000000e+02	   1.0681165e+00	   2.0966042e+00	
   1.2000000e+02	   1.2784460e+00	   2.0966042e+00	
   1.2000000e+02	   1.0631423e+00	   2.0966042e+00	
   6.3333300e+01	   1.3234830e+00	   1.2106280e+00	
   6.3333300e+01	   1.2723963e+00	   1.2106280e+00	
   6.3333300e+01	   1.3125263e+00	   1.2106280e+00	
   7.3900000e+01	   1.4280764e+00	   1.3411740e+00	
   7.3900000e+01	   2.5135355e+00	   1.3411740e+00	
   1.2253300e+02	   1.2609690e+00	   2.1487093e+00	
   1.2253300e+02	   1.0764517e+00	   2.1487093e+00	
   1.2253300e+02	   1.0627389e+00	   2.1487093e+00	
   1.2253300e+02	   1.5121679e+00	   2.1487093e+00	
   7.0988900e+01	   2.0679381e+00	   1.3038648e+00	
   7.0933300e+01	   2.0651821e+00	   1.3031624e+00	
   7.0933300e+01	   1.1916658e+00	   1.3031624e+00	
   6.9166700e+01	   2.3027355e+00	   1.2810411e+00	
   6.9166700e+01	   1.6498333e+00	   1.2810411e+00	
   7.9422200e+01	   1.4684753e+00	   1.4149062e+00	
   7.9422200e+01	   1.2317958e+00	   1.4149062e+00	
   7.0377800e+01	   1.2340812e+00	   1.2961655e+00	
   7.0377800e+01	   1.3263735e+00	   1.2961655e+00	
   7.1966700e+01	   1.2082690e+00	   1.3162792e+00	
   7.1966700e+01	   1.0837786e+00	   1.3162792e+00	
   8.0722200e+01	   1.4273370e+00	   1.4328451e+00	
   8.0822200e+01	   1.6379355e+00	   1.4342344e+00	
   8.0822200e+01	   1.4436041e+00	   1.4342344e+00	
   8.0822200e+01	   1.3969539e+00	   1.4342344e+00	
   8.8400000e+01	   1.4656521e+00	   1.5435280e+00	
   8.8400000e+01	   1.3092997e+00	   1.5435280e+00	
   8.5433300e+01	   1.8308552e+00	   1.4997812e+00	
   8.5433300e+01	   1.9642185e+00	   1.4997812e+00	
   8.3555600e+01	   1.6524549e+00	   1.4727357e+00	
   8.3555600e+01	   1.3396829e+00	   1.4727357e+00	
   8.5177800e+01	   1.4302275e+00	   1.4960721e+00	
   8.6022200e+01	   1.6580341e+00	   1.5083653e+00	
   8.6022200e+01	   2.3528811e+00	   1.5083653e+00	
   8.4288900e+01	   1.2843613e+00	   1.4832393e+00	
   7.7000000e+01	   1.2164697e+00	   1.3820788e+00	
   7.7000000e+01	   1.6265082e+00	   1.3820788e+00	
   7.9566700e+01	   2.1287716e+00	   1.4168890e+00	
   8.7166700e+01	   1.4902544e+00	   1.5251889e+00	
   8.7166700e+01	   1.5820761e+00	   1.5251889e+00	
   8.4788900e+01	   1.4482423e+00	   1.4904440e+00	
   8.4788900e+01	   1.3195843e+00	   1.4904440e+00	
   8.1333300e+01	   1.3253652e+00	   1.4413562e+00	
   8.1333300e+01	   1.8424169e+00	   1.4413562e+00	
   8.6722200e+01	   1.2603640e+00	   1.5186328e+00	
   8.2055600e+01	   1.2507516e+00	   1.4514812e+00	
   8.6722200e+01	   2.2381376e+00	   1.5186328e+00	
   8.2611100e+01	   1.3347759e+00	   1.4593165e+00	
   8.2611100e+01	   1.8412070e+00	   1.4593165e+00	
   8.2611100e+01	   1.2255444e+00	   1.4593165e+00	
   8.2611100e+01	   1.5667501e+00	   1.4593165e+00	
   8.2311100e+01	   1.3712760e+00	   1.4550798e+00	
   8.2311100e+01	   1.3552106e+00	   1.4550798e+00	
   8.2211100e+01	   1.3488248e+00	   1.4536703e+00	
   8.2211100e+01	   2.2355833e+00	   1.4536703e+00	
   8.2644400e+01	   1.2039669e+00	   1.4597875e+00	
   8.2644400e+01	   1.3181727e+00	   1.4597875e+00	
   8.2644400e+01	   1.4153720e+00	   1.4597875e+00	
   8.3544400e+01	   1.2928310e+00	   1.4725758e+00	
   8.4633300e+01	   1.2422148e+00	   1.4881982e+00	
   8.4633300e+01	   1.8026902e+00	   1.4881982e+00	
   8.7033300e+01	   1.2824792e+00	   1.5232184e+00	
   8.7033300e+01	   1.2576080e+00	   1.5232184e+00	
   8.7033300e+01	   2.1252090e+00	   1.5232184e+00	
   8.7700000e+01	   1.2159320e+00	   1.5330922e+00	
   8.7700000e+01	   1.9677811e+00	   1.5330922e+00	
   8.6744400e+01	   1.2667499e+00	   1.5189596e+00	
   8.6744400e+01	   1.4848096e+00	   1.5189596e+00	
   8.6744400e+01	   1.3090309e+00	   1.5189596e+00	
   8.8833300e+01	   1.4108011e+00	   1.5500233e+00	
   8.8833300e+01	   1.2281659e+00	   1.5500233e+00	
   8.2477800e+01	   1.5592215e+00	   1.4574324e+00	
   8.2477800e+01	   1.5621792e+00	   1.4574324e+00	
   8.0800000e+01	   1.3060060e+00	   1.4339259e+00	
   8.0800000e+01	   1.5808662e+00	   1.4339259e+00	
   8.4288900e+01	   1.4383610e+00	   1.4832393e+00	
   8.4288900e+01	   1.3137362e+00	   1.4832393e+00	
   8.4288900e+01	   1.4919349e+00	   1.4832393e+00	
   8.4288900e+01	   1.3406240e+00	   1.4832393e+00	
   8.5177800e+01	   1.3195843e+00	   1.4960721e+00	
   8.5177800e+01	   1.3267768e+00	   1.4960721e+00	
   8.7222200e+01	   2.3097263e+00	   1.5260095e+00	
   8.4111100e+01	   1.2153942e+00	   1.4806856e+00	
   8.4200000e+01	   1.6140726e+00	   1.4819619e+00	
   8.4200000e+01	   1.3396157e+00	   1.4819619e+00	
   8.6222200e+01	   1.5441644e+00	   1.5112918e+00	
   8.6222200e+01	   2.1543150e+00	   1.5112918e+00	
   8.6222200e+01	   1.2278298e+00	   1.5112918e+00	
   8.1600000e+01	   1.2449035e+00	   1.4450865e+00	
   8.1600000e+01	   2.1678933e+00	   1.4450865e+00	
   8.6577800e+01	   1.2565325e+00	   1.5165091e+00	
   8.6577800e+01	   1.5941756e+00	   1.5165091e+00	
   9.1577800e+01	   1.3099047e+00	   1.5918041e+00	
   9.1577800e+01	   1.3175677e+00	   1.5918041e+00	
   8.9766700e+01	   1.4328490e+00	   1.5641084e+00	
   8.9766700e+01	   1.8361655e+00	   1.5641084e+00	
   9.1277800e+01	   1.7526118e+00	   1.5871828e+00	
   9.1277800e+01	   1.7717693e+00	   1.5871828e+00	
   9.8433300e+01	   1.3177022e+00	   1.7011550e+00	
   9.5177800e+01	   1.2417442e+00	   1.6483208e+00	
   9.2222200e+01	   1.6388765e+00	   1.6017763e+00	
   9.2222200e+01	   1.3570255e+00	   1.6017763e+00	
   9.2222200e+01	   2.2540014e+00	   1.6017763e+00	
   9.4900000e+01	   1.5101514e+00	   1.6438891e+00	
   9.5366700e+01	   2.2685208e+00	   1.6513412e+00	
   9.5366700e+01	   2.3484447e+00	   1.6513412e+00	
   8.5077800e+01	   1.3615292e+00	   1.4946229e+00	
   8.5077800e+01	   1.6798804e+00	   1.4946229e+00	
   9.6722200e+01	   1.4495867e+00	   1.6731775e+00	
   9.6722200e+01	   1.5316616e+00	   1.6731775e+00	
   9.4055600e+01	   1.7481081e+00	   1.6304913e+00	
   9.4055600e+01	   1.5389213e+00	   1.6304913e+00	
   8.9944400e+01	   2.0569813e+00	   1.5668044e+00	
   8.9944400e+01	   1.9804184e+00	   1.5668044e+00	
   9.5788900e+01	   1.5354931e+00	   1.6581118e+00	
   9.5788900e+01	   1.3608570e+00	   1.6581118e+00	
   9.1877800e+01	   1.4635011e+00	   1.5964389e+00	
   9.0555600e+01	   1.7574516e+00	   1.5761127e+00	
   9.0555600e+01	   1.5420806e+00	   1.5761127e+00	
   9.0555600e+01	   1.6014353e+00	   1.5761127e+00	
   9.1411100e+01	   1.5315271e+00	   1.5892346e+00	
   9.1188900e+01	   1.5200998e+00	   1.5858159e+00	
   9.1188900e+01	   2.2409608e+00	   1.5858159e+00	
   9.1922200e+01	   1.6950720e+00	   1.5971260e+00	
   9.1922200e+01	   2.4110932e+00	   1.5971260e+00	
   9.0655600e+01	   1.2628511e+00	   1.5776409e+00	
   9.3555600e+01	   1.4524771e+00	   1.6226096e+00	
   9.3555600e+01	   1.6148120e+00	   1.6226096e+00	
   9.6888900e+01	   1.4605434e+00	   1.6758828e+00	
   9.6888900e+01	   2.3403783e+00	   1.6758828e+00	
   9.6888900e+01	   1.6786704e+00	   1.6758828e+00	
   9.7566700e+01	   1.2425509e+00	   1.6869276e+00	
   9.7566700e+01	   2.2356505e+00	   1.6869276e+00	
   9.5722200e+01	   1.3121230e+00	   1.6570403e+00	
   9.5722200e+01	   1.8967974e+00	   1.6570403e+00	
   9.5722200e+01	   1.7853476e+00	   1.6570403e+00	
   9.7777800e+01	   1.4319752e+00	   1.6903823e+00	
   9.7777800e+01	   1.5582132e+00	   1.6903823e+00	
   9.0211100e+01	   1.5176799e+00	   1.5708593e+00	
   9.0211100e+01	   1.3900975e+00	   1.5708593e+00	
   8.9588900e+01	   1.4868934e+00	   1.5614156e+00	
   8.9588900e+01	   1.4212873e+00	   1.5614156e+00	
   9.3044400e+01	   1.4372183e+00	   1.6145906e+00	
   9.3044400e+01	   1.5522307e+00	   1.6145906e+00	
   9.3044400e+01	   1.5061854e+00	   1.6145906e+00	
   9.4211100e+01	   1.3888875e+00	   1.6329504e+00	
   9.4211100e+01	   1.4683409e+00	   1.6329504e+00	
   9.4211100e+01	   1.4012559e+00	   1.6329504e+00	
   8.4444400e+01	   1.6799476e+00	   1.4854762e+00	
   9.6422200e+01	   1.5514241e+00	   1.6683199e+00	
   9.6422200e+01	   1.5494747e+00	   1.6683199e+00	
   9.3166700e+01	   1.2910833e+00	   1.6165055e+00	
   9.3166700e+01	   1.6107788e+00	   1.6165055e+00	
   9.3166700e+01	   1.3439850e+00	   1.6165055e+00	
   9.5622200e+01	   1.3375319e+00	   1.6554352e+00	
   9.3644400e+01	   1.5502813e+00	   1.6240066e+00	
   9.5622200e+01	   1.3737632e+00	   1.6554352e+00	
   9.5622200e+01	   2.1055809e+00	   1.6554352e+00	
   9.0722200e+01	   1.2764967e+00	   1.5786595e+00	
   9.0722200e+01	   1.5827483e+00	   1.5786595e+00	
   9.7977800e+01	   1.9962149e+00	   1.6936619e+00	
   9.7977800e+01	   2.9688799e+00	   1.6936619e+00	
   9.4977800e+01	   1.4702230e+00	   1.6451290e+00	
   9.4977800e+01	   1.5067232e+00	   1.6451290e+00	
   9.4977800e+01	   1.3636803e+00	   1.6451290e+00	
   1.0036700e+02	   1.2908144e+00	   1.7333357e+00	
   1.4152200e+02	   1.9304743e+00	   2.5828601e+00	
   1.4152200e+02	   1.6482200e+00	   2.5828601e+00	
   1.2250000e+02	   1.6201223e+00	   2.1480222e+00	
   1.2250000e+02	   1.9488925e+00	   2.1480222e+00	
   1.4064400e+02	   1.6002926e+00	   2.5609756e+00	
   1.4064400e+02	   1.8490716e+00	   2.5609756e+00	
   1.2880000e+02	   1.3030483e+00	   2.2832579e+00	
   1.2880000e+02	   1.6861318e+00	   2.2832579e+00	
   1.0403300e+02	   1.6692597e+00	   1.7960259e+00	
   1.3932200e+02	   1.5941756e+00	   2.5283736e+00	
   1.3932200e+02	   2.0628294e+00	   2.5283736e+00	
   1.0246700e+02	   1.5341487e+00	   1.7689739e+00	
   1.4435600e+02	   1.4929432e+00	   2.6547826e+00	
   1.4435600e+02	   1.8789843e+00	   2.6547826e+00	
   1.4053300e+02	   2.2154847e+00	   2.5582222e+00	
   1.0934400e+02	   1.5584821e+00	   1.8908896e+00	
   1.0210000e+02	   1.6673776e+00	   1.7626933e+00	
   1.0210000e+02	   1.5937051e+00	   1.7626933e+00	
   1.0210000e+02	   1.3882153e+00	   1.7626933e+00	
   1.4375600e+02	   1.7399745e+00	   2.6393903e+00	
   1.4375600e+02	   1.6578996e+00	   2.6393903e+00	
   1.0798900e+02	   1.5458449e+00	   1.8662211e+00	
   1.0798900e+02	   1.6155514e+00	   1.8662211e+00	
   1.0425600e+02	   1.7877675e+00	   1.7999116e+00	
   1.0425600e+02	   1.6891567e+00	   1.7999116e+00	
   1.4337800e+02	   1.5282334e+00	   2.6297390e+00	
   1.4337800e+02	   1.8701113e+00	   2.6297390e+00	
   1.2455600e+02	   1.3785357e+00	   2.1912519e+00	
   1.2455600e+02	   1.6814936e+00	   2.1912519e+00	
   1.0767800e+02	   1.6659660e+00	   1.8606047e+00	
   1.5375600e+02	   1.2859074e+00	   2.9079895e+00	
   1.5375600e+02	   1.6974246e+00	   2.9079895e+00	
   1.5375600e+02	   1.5674895e+00	   2.9079895e+00	
   1.0086700e+02	   2.2139386e+00	   1.7417553e+00	
   1.0086700e+02	   1.5005390e+00	   1.7417553e+00	
   1.4203300e+02	   1.6043258e+00	   2.5956829e+00	
   1.4203300e+02	   1.7838688e+00	   2.5956829e+00	
   1.0766700e+02	   1.2576080e+00	   1.8604064e+00	
   1.0766700e+02	   1.6349778e+00	   1.8604064e+00	
   1.0766700e+02	   1.4373527e+00	   1.8604064e+00	
   1.4805600e+02	   1.7709627e+00	   2.7517057e+00	
   1.4805600e+02	   1.4397054e+00	   2.7517057e+00	
   1.0256700e+02	   1.5399968e+00	   1.7706891e+00	
   1.0256700e+02	   1.7602076e+00	   1.7706891e+00	
   1.0256700e+02	   1.3252980e+00	   1.7706891e+00	
   1.4105600e+02	   1.9544045e+00	   2.5712217e+00	
   1.4105600e+02	   1.7776174e+00	   2.5712217e+00	
   1.0598900e+02	   1.7033399e+00	   1.8303968e+00	
   1.0598900e+02	   1.8311913e+00	   1.8303968e+00	
   1.0837800e+02	   1.4969091e+00	   1.8732699e+00	
   1.0837800e+02	   1.6712091e+00	   1.8732699e+00	
   1.2714400e+02	   1.5381146e+00	   2.2469065e+00	
   1.2714400e+02	   1.6599162e+00	   2.2469065e+00	
   1.0128900e+02	   1.3717466e+00	   1.7488933e+00	
   1.0678900e+02	   3.2332538e+00	   1.8446432e+00	
   1.0106700e+02	   2.4041023e+00	   1.7451346e+00	
   1.3964400e+02	   1.8519621e+00	   2.5362761e+00	
   1.3964400e+02	   1.6584374e+00	   2.5362761e+00	
   1.0563300e+02	   1.4753989e+00	   1.8240926e+00	
   1.0563300e+02	   1.6363222e+00	   1.8240926e+00	
   1.0594400e+02	   1.5514913e+00	   1.8295987e+00	
   1.0594400e+02	   1.6550764e+00	   1.8295987e+00	
   1.0686700e+02	   1.5731359e+00	   1.8460382e+00	
   1.1480000e+02	   1.6043930e+00	   1.9935634e+00	
   1.1480000e+02	   2.0647787e+00	   1.9935634e+00	
   1.1550000e+02	   1.2639266e+00	   2.0071337e+00	
   1.1550000e+02	   1.6889550e+00	   2.0071337e+00	
   1.0316700e+02	   1.6344401e+00	   1.7810154e+00	
   1.0316700e+02	   1.4842719e+00	   1.7810154e+00	
   1.5636700e+02	   2.0137592e+00	   2.9825129e+00	
   1.5636700e+02	   2.0588634e+00	   2.9825129e+00	
   1.3431100e+02	   1.8952514e+00	   2.4085205e+00	
   1.3431100e+02	   1.8957219e+00	   2.4085205e+00	
   1.5330000e+02	   1.9648235e+00	   2.8951666e+00	
   1.5330000e+02	   1.9257690e+00	   2.8951666e+00	
   1.3934400e+02	   1.5947134e+00	   2.5289128e+00	
   1.3934400e+02	   2.0897171e+00	   2.5289128e+00	
   1.5147800e+02	   2.3326481e+00	   2.8444933e+00	
   1.5147800e+02	   2.4227893e+00	   2.8444933e+00	
   1.5548900e+02	   1.7771469e+00	   2.9572422e+00	
   1.5548900e+02	   1.8974024e+00	   2.9572422e+00	
   1.1966700e+02	   1.5279645e+00	   2.0898489e+00	
   1.1142200e+02	   2.1668178e+00	   1.9293558e+00	
   1.1142200e+02	   1.8209739e+00	   1.9293558e+00	
   1.5561100e+02	   1.7028694e+00	   2.9607408e+00	
   1.5561100e+02	   2.1187559e+00	   2.9607408e+00	
   1.1922200e+02	   1.6759144e+00	   2.0808555e+00	
   1.1922200e+02	   2.4125048e+00	   2.0808555e+00	
   1.5532200e+02	   1.8344178e+00	   2.9524599e+00	
   1.5532200e+02	   1.8424841e+00	   2.9524599e+00	
   1.3628900e+02	   1.8785810e+00	   2.4551362e+00	
   1.3628900e+02	   1.8546509e+00	   2.4551362e+00	
   1.6775600e+02	   1.7605437e+00	   3.3305637e+00	
   1.6775600e+02	   1.4919349e+00	   3.3305637e+00	
   1.1066700e+02	   1.6322218e+00	   1.9152902e+00	
   1.1066700e+02	   2.7604325e+00	   1.9152902e+00	
   1.1066700e+02	   1.6095689e+00	   1.9152902e+00	
   1.5442200e+02	   1.8321996e+00	   2.9268198e+00	
   1.5442200e+02	   1.6987018e+00	   2.9268198e+00	
   1.1793300e+02	   1.8375771e+00	   2.0550227e+00	
   1.1793300e+02	   2.3950949e+00	   2.0550227e+00	
   1.6073300e+02	   1.6382716e+00	   3.1114189e+00	
   1.6073300e+02	   2.4365021e+00	   3.1114189e+00	
   1.1282200e+02	   2.1988815e+00	   1.9557116e+00	
   1.1282200e+02	   2.2250970e+00	   1.9557116e+00	
   1.5456700e+02	   1.5089414e+00	   2.9309356e+00	
   1.5456700e+02	   1.9308777e+00	   2.9309356e+00	
   1.1524400e+02	   2.1336114e+00	   2.0021602e+00	
   1.1524400e+02	   1.6348434e+00	   2.0021602e+00	
   1.1710000e+02	   1.7911285e+00	   2.0384994e+00	
   1.1710000e+02	   1.8590873e+00	   2.0384994e+00	
   1.3825600e+02	   1.5367030e+00	   2.5023874e+00	
   1.3825600e+02	   1.6339023e+00	   2.5023874e+00	
   1.1502200e+02	   1.7387646e+00	   1.9978572e+00	
   1.1502200e+02	   2.2213328e+00	   1.9978572e+00	
   1.5055600e+02	   1.6694614e+00	   2.8191896e+00	
   1.5055600e+02	   2.0712990e+00	   2.8191896e+00	
   1.1576700e+02	   2.0294885e+00	   2.0123341e+00	
   1.1576700e+02	   2.6719045e+00	   2.0123341e+00	
   1.1586700e+02	   1.6363222e+00	   2.0142853e+00	
   1.1586700e+02	   2.4153952e+00	   2.0142853e+00	
   1.2402200e+02	   1.7780879e+00	   2.1799410e+00	
   1.2612200e+02	   1.8258137e+00	   2.2247616e+00	
   1.2612200e+02	   1.7546956e+00	   2.2247616e+00	
   1.1371100e+02	   1.8844291e+00	   1.9726341e+00	
   1.1371100e+02	   1.6162236e+00	   1.9726341e+00	
   1.1683300e+02	   1.6652938e+00	   2.0332314e+00	
   1.2832200e+02	   2.5572954e+00	   2.2727052e+00	
   1.2832200e+02	   2.3326481e+00	   2.2727052e+00	
   1.3790000e+02	   2.1786484e+00	   2.4937687e+00	
   1.3790000e+02	   2.2378015e+00	   2.4937687e+00	
   1.3616700e+02	   2.2217361e+00	   2.4522351e+00	
   1.3616700e+02	   2.3716354e+00	   2.4522351e+00	
   1.3213300e+02	   2.0282114e+00	   2.3582145e+00	
   1.3372200e+02	   2.1980748e+00	   2.3948112e+00	
   1.3606700e+02	   2.1057154e+00	   2.4498597e+00	
   1.3606700e+02	   2.4264192e+00	   2.4498597e+00	
   1.2212200e+02	   2.0998673e+00	   2.1401676e+00	
   1.2212200e+02	   2.4530381e+00	   2.1401676e+00	
   1.2805600e+02	   2.6544274e+00	   2.2668539e+00	
   1.3323300e+02	   2.1608353e+00	   2.3834888e+00	
   1.3323300e+02	   2.2019063e+00	   2.3834888e+00	
   1.2841100e+02	   2.2021752e+00	   2.2746663e+00	
   1.2841100e+02	   2.4886644e+00	   2.2746663e+00	
   1.2832200e+02	   2.0402437e+00	   2.2727052e+00	
   1.3462200e+02	   2.3471675e+00	   2.4157908e+00	
   1.2966700e+02	   2.1836227e+00	   2.3025237e+00	
   1.2966700e+02	   2.2099055e+00	   2.3025237e+00	
   1.2884400e+02	   1.9597820e+00	   2.2842318e+00	
   1.2884400e+02	   2.4502149e+00	   2.2842318e+00	
   1.3048900e+02	   1.7832638e+00	   2.3209396e+00	
   1.3048900e+02	   2.2582362e+00	   2.3209396e+00	
   1.2991100e+02	   2.2248954e+00	   2.3079749e+00	
   1.2991100e+02	   2.4031613e+00	   2.3079749e+00	
   1.3387800e+02	   2.1563988e+00	   2.3984346e+00	
   1.3387800e+02	   2.3858859e+00	   2.3984346e+00	
   1.3675600e+02	   1.8215789e+00	   2.4662730e+00	
   1.3675600e+02	   2.1488702e+00	   2.4662730e+00	
   1.4034400e+02	   1.9431116e+00	   2.5535406e+00	
   1.4034400e+02	   2.9463614e+00	   2.5535406e+00	
   1.3438900e+02	   2.2564213e+00	   2.4103418e+00	
   1.3457800e+02	   2.0636360e+00	   2.4147608e+00	
   1.4114400e+02	   1.8698424e+00	   2.5734155e+00	
   1.4114400e+02	   2.4541136e+00	   2.5734155e+00	
   1.2894400e+02	   2.1536428e+00	   2.2864466e+00	
   1.2894400e+02	   2.2908376e+00	   2.2864466e+00	
   1.3386700e+02	   2.0998673e+00	   2.3981789e+00	
   1.3386700e+02	   2.1518951e+00	   2.3981789e+00	
   1.3245600e+02	   2.2638826e+00	   2.3656081e+00	
   1.3245600e+02	   2.0072389e+00	   2.3656081e+00	
   1.2111100e+02	   2.1747497e+00	   2.1193006e+00	
   1.3554400e+02	   2.9792989e+00	   2.4374737e+00	
   1.3292200e+02	   2.1255451e+00	   2.3763158e+00	
   1.3292200e+02	   2.2292646e+00	   2.3763158e+00	
   1.3091100e+02	   3.1757140e+00	   2.3304512e+00	
   1.3552200e+02	   2.5083597e+00	   2.4369541e+00	
   1.3552200e+02	   2.2238871e+00	   2.4369541e+00	
   1.2774400e+02	   2.0186662e+00	   2.2600099e+00	
   1.2774400e+02	   2.4257470e+00	   2.2600099e+00	
   1.3836700e+02	   2.5479519e+00	   2.5050808e+00	
   1.3552200e+02	   2.1629863e+00	   2.4369541e+00	
   1.3552200e+02	   2.4012791e+00	   2.4369541e+00	
   1.4240000e+02	   2.0602078e+00	   2.6049315e+00	
   1.4718900e+02	   2.7030943e+00	   2.7286815e+00	
   1.4718900e+02	   3.3301842e+00	   2.7286815e+00	
   1.5852200e+02	   2.8093010e+00	   3.0454576e+00	
   1.5600000e+02	   3.3986808e+00	   2.9719237e+00	
   1.5347800e+02	   2.7543827e+00	   2.9001653e+00	
   1.5557800e+02	   2.8226776e+00	   2.9597940e+00	
   1.5557800e+02	   3.5570497e+00	   2.9597940e+00	
   1.3961100e+02	   3.1561531e+00	   2.5354651e+00	
   1.3961100e+02	   3.1482885e+00	   2.5354651e+00	
   1.5091100e+02	   2.8285257e+00	   2.8289056e+00	
   1.5091100e+02	   3.4421717e+00	   2.8289056e+00	
   1.4726700e+02	   2.7557943e+00	   2.7307449e+00	
   1.4726700e+02	   3.2114747e+00	   2.7307449e+00	
   1.4713300e+02	   2.5798811e+00	   2.7272010e+00	
   1.4713300e+02	   2.7754896e+00	   2.7272010e+00	
   1.4833300e+02	   2.8161573e+00	   2.7591026e+00	
   1.4833300e+02	   3.1540021e+00	   2.7591026e+00	
   1.4720000e+02	   2.6604100e+00	   2.7289724e+00	
   1.4822200e+02	   2.6325811e+00	   2.7561361e+00	
   1.4822200e+02	   3.2306995e+00	   2.7561361e+00	
   1.4876700e+02	   2.5445237e+00	   2.7707320e+00	
   1.4651100e+02	   3.1561531e+00	   2.7108107e+00	
   1.5424400e+02	   2.9998008e+00	   2.9217751e+00	
   1.5424400e+02	   3.5372872e+00	   2.9217751e+00	
   1.5586700e+02	   2.4498788e+00	   2.9680955e+00	
   1.6008900e+02	   3.2953645e+00	   3.0920602e+00	
   1.6008900e+02	   3.1617324e+00	   3.0920602e+00	
   1.5394400e+02	   2.4004725e+00	   2.9132926e+00	
   1.5972200e+02	   2.9110712e+00	   3.0810821e+00	
   1.5972200e+02	   3.1182414e+00	   3.0810821e+00	
   1.4481100e+02	   2.6576540e+00	   2.6665150e+00	
   1.4441100e+02	   3.0803969e+00	   2.6561981e+00	
   1.5300000e+02	   2.7805311e+00	   2.8867614e+00	
   1.5300000e+02	   3.1685887e+00	   2.8867614e+00	
   1.5268900e+02	   2.6426640e+00	   2.8780737e+00	
   1.5268900e+02	   2.6400425e+00	   2.8780737e+00	
   1.5514400e+02	   3.4306100e+00	   2.9473711e+00	
   1.5161100e+02	   2.9967087e+00	   2.8481621e+00	
   1.5178900e+02	   3.0623148e+00	   2.8530796e+00	
   1.5453300e+02	   2.9298926e+00	   2.9299700e+00	
   1.4614400e+02	   3.1964176e+00	   2.7011862e+00	
   1.5356700e+02	   2.9196752e+00	   2.9026679e+00	
   1.5356700e+02	   3.2334555e+00	   2.9026679e+00	
   1.5617800e+02	   3.5015265e+00	   2.9770549e+00	
   1.5617800e+02	   4.4787623e+00	   2.9770549e+00	
   1.5114400e+02	   3.9285042e+00	   2.8353007e+00	
   1.6187800e+02	   3.7324252e+00	   3.1461375e+00	
   1.6187800e+02	   3.8586632e+00	   3.1461375e+00	
   1.5997800e+02	   3.3276299e+00	   3.0887357e+00	
   1.5997800e+02	   4.0382735e+00	   3.0887357e+00	
   1.5937800e+02	   4.4233735e+00	   3.0708273e+00	
   1.6033300e+02	   3.1330969e+00	   3.0993806e+00	
   1.6604400e+02	   3.9028264e+00	   3.2757600e+00	
   1.6604400e+02	   4.0190488e+00	   3.2757600e+00	
   1.6228900e+02	   3.4199893e+00	   3.1586941e+00	
   1.6228900e+02	   4.1756028e+00	   3.1586941e+00	
   1.6267800e+02	   3.5132899e+00	   3.1706247e+00	
   1.7388900e+02	   3.2551001e+00	   3.5345251e+00	
   1.7388900e+02	   4.2531068e+00	   3.5345251e+00	
   1.4632200e+02	   2.9945577e+00	   2.7058499e+00	
   1.5670000e+02	   3.7099739e+00	   2.9921537e+00	
   1.5670000e+02	   4.1087867e+00	   2.9921537e+00	
   1.6160000e+02	   3.8234403e+00	   3.1376726e+00	
   1.6160000e+02	   4.1050896e+00	   3.1376726e+00	
   1.6047800e+02	   3.1991736e+00	   3.1037391e+00	
   1.6047800e+02	   3.8438750e+00	   3.1037391e+00	
   1.5476700e+02	   3.0730699e+00	   2.9366221e+00	
   1.5476700e+02	   3.8887103e+00	   2.9366221e+00	
   1.5624400e+02	   3.0213110e+00	   2.9789597e+00	
   1.6281100e+02	   4.0234852e+00	   3.1747141e+00	
   1.5408900e+02	   3.8335232e+00	   2.9173894e+00	
   1.5984400e+02	   3.2564445e+00	   3.0847271e+00	
   1.5984400e+02	   4.0535995e+00	   3.0847271e+00	
   1.5603300e+02	   3.2788286e+00	   2.9728743e+00	
   1.6140000e+02	   4.0847893e+00	   3.1315968e+00	
   1.6165600e+02	   3.5366150e+00	   3.1393759e+00	
   1.6165600e+02	   4.0281906e+00	   3.1393759e+00	
   1.6606700e+02	   4.9908398e+00	   3.2764902e+00	
   1.6606700e+02	   5.4733408e+00	   3.2764902e+00	
   1.6366700e+02	   4.3824369e+00	   3.2011606e+00	
   1.7560000e+02	   5.0694193e+00	   3.5936232e+00	
   1.7197800e+02	   4.7682763e+00	   3.4696672e+00	
   1.7197800e+02	   5.2150166e+00	   3.4696672e+00	
   1.6987800e+02	   5.0912656e+00	   3.3997664e+00	
   1.6987800e+02	   5.5339055e+00	   3.3997664e+00	
   1.7706700e+02	   5.0811155e+00	   3.6450796e+00	
   1.7706700e+02	   5.5092359e+00	   3.6450796e+00	
   1.7293300e+02	   4.9745055e+00	   3.5019290e+00	
   1.7293300e+02	   5.7771053e+00	   3.5019290e+00	
   1.8481100e+02	   4.0837138e+00	   3.9291709e+00	
   1.8481100e+02	   4.6061431e+00	   3.9291709e+00	
   1.6656700e+02	   4.1863579e+00	   3.2924057e+00	
   1.6656700e+02	   4.7273397e+00	   3.2924057e+00	
   1.7205600e+02	   4.7594706e+00	   3.4722910e+00	
   1.7205600e+02	   5.3506653e+00	   3.4722910e+00	
   1.7147800e+02	   4.4803756e+00	   3.4528949e+00	
   1.7147800e+02	   5.3248531e+00	   3.4528949e+00	
   1.6477800e+02	   4.2684328e+00	   3.2358142e+00	
   1.7080000e+02	   4.2479309e+00	   3.4302811e+00	
   1.7195600e+02	   4.6491635e+00	   3.4689275e+00	
   1.7077800e+02	   4.3596495e+00	   3.4295498e+00	
   1.7077800e+02	   4.8193631e+00	   3.4295498e+00	
   1.7014400e+02	   3.8860215e+00	   3.4085420e+00	
